0.37, 0.212, 0.624, 0.234, 0.649, 0.772, 0.193, 0.354, 0.75, 0.336, 0.241, 0.674, 0.229, 0.417
0.37, 0.211, 0.624, 0.234, 0.649, 0.772, 0.193, 0.354, 0.75, 0.336, 0.242, 0.674, 0.228, 0.417
0.37, 0.208, 0.623, 0.238, 0.61, 0.776, 0.185, 0.334, 0.756, 0.336, 0.245, 0.675, 0.224, 0.409
0.37, 0.208, 0.623, 0.238, 0.61, 0.776, 0.185, 0.334, 0.756, 0.336, 0.245, 0.675, 0.224, 0.409
0.37, 0.208, 0.623, 0.238, 0.61, 0.776, 0.185, 0.334, 0.756, 0.336, 0.245, 0.675, 0.224, 0.409
0.37, 0.208, 0.623, 0.238, 0.61, 0.776, 0.185, 0.334, 0.756, 0.336, 0.245, 0.675, 0.224, 0.409
0.37, 0.208, 0.623, 0.238, 0.61, 0.776, 0.185, 0.334, 0.756, 0.336, 0.245, 0.675, 0.224, 0.409
0.37, 0.208, 0.623, 0.238, 0.61, 0.776, 0.185, 0.334, 0.756, 0.336, 0.245, 0.675, 0.224, 0.409
0.37, 0.208, 0.623, 0.238, 0.61, 0.776, 0.185, 0.334, 0.756, 0.336, 0.245, 0.675, 0.224, 0.409
0.37, 0.208, 0.623, 0.238, 0.61, 0.776, 0.185, 0.334, 0.756, 0.336, 0.245, 0.675, 0.224, 0.409
0.37, 0.208, 0.623, 0.238, 0.61, 0.776, 0.185, 0.334, 0.756, 0.336, 0.245, 0.675, 0.224, 0.409
0.37, 0.208, 0.623, 0.238, 0.61, 0.776, 0.185, 0.334, 0.756, 0.336, 0.245, 0.675, 0.224, 0.409
0.37, 0.208, 0.623, 0.238, 0.61, 0.776, 0.185, 0.334, 0.756, 0.336, 0.245, 0.675, 0.224, 0.409
0.37, 0.208, 0.623, 0.238, 0.61, 0.776, 0.185, 0.334, 0.756, 0.336, 0.245, 0.675, 0.224, 0.409
0.37, 0.208, 0.623, 0.238, 0.61, 0.776, 0.185, 0.334, 0.756, 0.336, 0.245, 0.675, 0.224, 0.409
0.37, 0.208, 0.623, 0.238, 0.61, 0.776, 0.185, 0.334, 0.756, 0.336, 0.245, 0.675, 0.224, 0.409
0.37, 0.208, 0.623, 0.238, 0.61, 0.776, 0.185, 0.334, 0.756, 0.336, 0.245, 0.675, 0.224, 0.409
0.37, 0.208, 0.623, 0.238, 0.61, 0.776, 0.185, 0.334, 0.756, 0.336, 0.245, 0.675, 0.224, 0.409
0.37, 0.208, 0.623, 0.238, 0.61, 0.776, 0.185, 0.334, 0.756, 0.336, 0.245, 0.675, 0.224, 0.409
0.37, 0.208, 0.623, 0.238, 0.61, 0.776, 0.185, 0.334, 0.756, 0.336, 0.245, 0.675, 0.224, 0.409
0.37, 0.208, 0.623, 0.238, 0.61, 0.776, 0.185, 0.334, 0.756, 0.336, 0.245, 0.675, 0.224, 0.409
0.37, 0.208, 0.623, 0.238, 0.61, 0.776, 0.185, 0.334, 0.756, 0.336, 0.245, 0.675, 0.224, 0.409
0.37, 0.208, 0.623, 0.238, 0.61, 0.776, 0.185, 0.334, 0.756, 0.336, 0.245, 0.675, 0.224, 0.409
0.37, 0.208, 0.623, 0.238, 0.61, 0.776, 0.185, 0.334, 0.756, 0.336, 0.245, 0.675, 0.224, 0.409
0.37, 0.208, 0.623, 0.238, 0.61, 0.776, 0.185, 0.334, 0.756, 0.336, 0.245, 0.675, 0.224, 0.409
0.37, 0.208, 0.623, 0.238, 0.61, 0.776, 0.185, 0.334, 0.756, 0.336, 0.245, 0.675, 0.224, 0.409
0.37, 0.208, 0.623, 0.238, 0.61, 0.776, 0.185, 0.334, 0.756, 0.336, 0.245, 0.675, 0.224, 0.409
0.37, 0.208, 0.623, 0.238, 0.61, 0.776, 0.185, 0.334, 0.756, 0.336, 0.245, 0.675, 0.224, 0.409
0.37, 0.208, 0.623, 0.238, 0.61, 0.776, 0.185, 0.334, 0.756, 0.336, 0.245, 0.675, 0.224, 0.409
0.37, 0.208, 0.623, 0.238, 0.61, 0.776, 0.185, 0.334, 0.756, 0.336, 0.245, 0.675, 0.224, 0.409
0.37, 0.208, 0.623, 0.238, 0.61, 0.776, 0.185, 0.334, 0.756, 0.336, 0.245, 0.675, 0.224, 0.409
0.37, 0.208, 0.623, 0.238, 0.61, 0.776, 0.185, 0.334, 0.756, 0.336, 0.245, 0.675, 0.224, 0.409
0.37, 0.208, 0.623, 0.238, 0.61, 0.776, 0.185, 0.334, 0.756, 0.336, 0.245, 0.675, 0.224, 0.409
0.37, 0.208, 0.623, 0.238, 0.61, 0.776, 0.185, 0.334, 0.756, 0.336, 0.245, 0.675, 0.224, 0.409
0.37, 0.208, 0.623, 0.238, 0.61, 0.776, 0.185, 0.334, 0.756, 0.336, 0.245, 0.675, 0.224, 0.409
0.37, 0.208, 0.623, 0.238, 0.61, 0.776, 0.185, 0.334, 0.756, 0.336, 0.245, 0.675, 0.224, 0.409
0.37, 0.208, 0.623, 0.238, 0.61, 0.776, 0.185, 0.334, 0.756, 0.336, 0.245, 0.675, 0.224, 0.409
0.37, 0.208, 0.623, 0.238, 0.61, 0.776, 0.185, 0.334, 0.756, 0.336, 0.245, 0.675, 0.224, 0.409
0.37, 0.208, 0.623, 0.238, 0.61, 0.776, 0.185, 0.334, 0.756, 0.336, 0.245, 0.675, 0.224, 0.409
0.37, 0.208, 0.623, 0.238, 0.61, 0.776, 0.185, 0.334, 0.756, 0.336, 0.245, 0.675, 0.224, 0.409
0.37, 0.208, 0.623, 0.238, 0.61, 0.776, 0.185, 0.334, 0.756, 0.336, 0.245, 0.675, 0.224, 0.409
0.37, 0.208, 0.623, 0.238, 0.61, 0.776, 0.185, 0.334, 0.756, 0.336, 0.245, 0.675, 0.224, 0.409
0.37, 0.208, 0.623, 0.238, 0.61, 0.776, 0.185, 0.334, 0.756, 0.336, 0.245, 0.675, 0.224, 0.409
0.37, 0.208, 0.623, 0.238, 0.61, 0.776, 0.185, 0.334, 0.756, 0.336, 0.245, 0.675, 0.224, 0.409
0.37, 0.208, 0.623, 0.238, 0.61, 0.776, 0.185, 0.334, 0.756, 0.336, 0.245, 0.675, 0.224, 0.409
0.37, 0.208, 0.623, 0.238, 0.61, 0.776, 0.185, 0.334, 0.756, 0.336, 0.245, 0.675, 0.224, 0.409
0.37, 0.208, 0.623, 0.238, 0.61, 0.776, 0.185, 0.334, 0.756, 0.336, 0.245, 0.675, 0.224, 0.409
0.37, 0.208, 0.623, 0.238, 0.61, 0.776, 0.185, 0.334, 0.756, 0.336, 0.245, 0.675, 0.224, 0.409
0.37, 0.208, 0.623, 0.238, 0.61, 0.776, 0.185, 0.334, 0.756, 0.336, 0.245, 0.675, 0.224, 0.409
0.37, 0.208, 0.623, 0.238, 0.61, 0.776, 0.185, 0.334, 0.756, 0.336, 0.245, 0.675, 0.224, 0.409
0.37, 0.208, 0.623, 0.238, 0.61, 0.776, 0.185, 0.334, 0.756, 0.336, 0.245, 0.675, 0.224, 0.409
0.37, 0.208, 0.623, 0.238, 0.61, 0.776, 0.185, 0.334, 0.756, 0.336, 0.245, 0.675, 0.224, 0.409
0.37, 0.208, 0.623, 0.238, 0.61, 0.776, 0.185, 0.334, 0.756, 0.336, 0.245, 0.675, 0.224, 0.409
0.37, 0.208, 0.623, 0.238, 0.61, 0.776, 0.185, 0.334, 0.756, 0.336, 0.245, 0.675, 0.224, 0.409
0.37, 0.208, 0.623, 0.238, 0.61, 0.776, 0.185, 0.334, 0.756, 0.336, 0.245, 0.675, 0.224, 0.409
0.37, 0.208, 0.623, 0.238, 0.61, 0.776, 0.185, 0.334, 0.756, 0.336, 0.245, 0.675, 0.224, 0.409
0.37, 0.208, 0.623, 0.238, 0.61, 0.776, 0.185, 0.334, 0.756, 0.336, 0.245, 0.675, 0.224, 0.409
0.37, 0.208, 0.623, 0.238, 0.61, 0.776, 0.185, 0.334, 0.756, 0.336, 0.245, 0.675, 0.224, 0.409
0.37, 0.208, 0.623, 0.238, 0.61, 0.776, 0.185, 0.334, 0.756, 0.336, 0.245, 0.675, 0.224, 0.409
0.37, 0.208, 0.623, 0.238, 0.61, 0.776, 0.185, 0.334, 0.756, 0.336, 0.245, 0.675, 0.224, 0.409
0.37, 0.208, 0.623, 0.238, 0.61, 0.776, 0.185, 0.334, 0.756, 0.336, 0.245, 0.675, 0.224, 0.409
0.37, 0.208, 0.623, 0.238, 0.61, 0.776, 0.185, 0.334, 0.756, 0.336, 0.245, 0.675, 0.224, 0.409
0.37, 0.208, 0.623, 0.238, 0.61, 0.776, 0.185, 0.334, 0.756, 0.336, 0.245, 0.675, 0.224, 0.409
0.37, 0.208, 0.623, 0.238, 0.61, 0.776, 0.185, 0.334, 0.756, 0.336, 0.245, 0.675, 0.224, 0.409
0.37, 0.208, 0.623, 0.238, 0.61, 0.776, 0.185, 0.334, 0.756, 0.336, 0.245, 0.675, 0.224, 0.409
0.37, 0.208, 0.623, 0.238, 0.61, 0.776, 0.185, 0.334, 0.756, 0.336, 0.245, 0.675, 0.224, 0.409
0.37, 0.208, 0.623, 0.238, 0.61, 0.776, 0.185, 0.334, 0.756, 0.336, 0.245, 0.675, 0.224, 0.409
0.37, 0.208, 0.623, 0.238, 0.61, 0.776, 0.185, 0.334, 0.756, 0.336, 0.245, 0.675, 0.224, 0.409
0.37, 0.208, 0.623, 0.238, 0.61, 0.776, 0.185, 0.334, 0.756, 0.336, 0.245, 0.675, 0.224, 0.409
0.37, 0.208, 0.623, 0.238, 0.61, 0.776, 0.185, 0.334, 0.756, 0.336, 0.245, 0.675, 0.224, 0.409
0.37, 0.208, 0.623, 0.238, 0.61, 0.776, 0.185, 0.334, 0.756, 0.336, 0.245, 0.675, 0.224, 0.409
0.37, 0.208, 0.623, 0.238, 0.61, 0.776, 0.185, 0.334, 0.756, 0.336, 0.245, 0.675, 0.224, 0.409
0.37, 0.208, 0.623, 0.238, 0.61, 0.776, 0.185, 0.334, 0.756, 0.336, 0.245, 0.675, 0.224, 0.409
0.37, 0.208, 0.623, 0.238, 0.61, 0.776, 0.185, 0.334, 0.756, 0.336, 0.245, 0.675, 0.224, 0.409
0.37, 0.208, 0.623, 0.238, 0.61, 0.776, 0.185, 0.334, 0.756, 0.336, 0.245, 0.675, 0.224, 0.409
0.37, 0.208, 0.623, 0.238, 0.61, 0.776, 0.185, 0.334, 0.756, 0.336, 0.245, 0.675, 0.224, 0.409
0.37, 0.208, 0.623, 0.238, 0.61, 0.776, 0.185, 0.334, 0.756, 0.336, 0.245, 0.675, 0.224, 0.409
0.37, 0.208, 0.623, 0.238, 0.61, 0.776, 0.185, 0.334, 0.756, 0.336, 0.245, 0.675, 0.224, 0.409
0.37, 0.208, 0.623, 0.238, 0.61, 0.776, 0.185, 0.334, 0.756, 0.336, 0.245, 0.675, 0.224, 0.409
0.37, 0.208, 0.623, 0.238, 0.61, 0.776, 0.185, 0.334, 0.756, 0.336, 0.245, 0.675, 0.224, 0.409
0.37, 0.208, 0.623, 0.238, 0.61, 0.776, 0.185, 0.334, 0.756, 0.336, 0.245, 0.675, 0.224, 0.409
0.37, 0.208, 0.623, 0.238, 0.61, 0.776, 0.185, 0.334, 0.756, 0.336, 0.245, 0.675, 0.224, 0.409
0.37, 0.208, 0.623, 0.238, 0.61, 0.776, 0.185, 0.334, 0.756, 0.336, 0.245, 0.675, 0.224, 0.409
0.37, 0.208, 0.623, 0.238, 0.61, 0.776, 0.185, 0.334, 0.756, 0.336, 0.245, 0.675, 0.224, 0.409
0.37, 0.208, 0.623, 0.238, 0.61, 0.776, 0.185, 0.334, 0.756, 0.336, 0.245, 0.675, 0.224, 0.409
0.37, 0.208, 0.623, 0.238, 0.61, 0.776, 0.185, 0.334, 0.756, 0.336, 0.245, 0.675, 0.224, 0.409
0.37, 0.208, 0.623, 0.238, 0.61, 0.776, 0.185, 0.334, 0.756, 0.336, 0.245, 0.675, 0.224, 0.409
0.37, 0.208, 0.623, 0.238, 0.61, 0.776, 0.185, 0.334, 0.756, 0.336, 0.245, 0.675, 0.224, 0.409
0.37, 0.208, 0.623, 0.238, 0.61, 0.776, 0.185, 0.334, 0.756, 0.336, 0.245, 0.675, 0.224, 0.409
0.37, 0.208, 0.623, 0.238, 0.61, 0.776, 0.185, 0.334, 0.756, 0.336, 0.245, 0.675, 0.224, 0.409
0.37, 0.208, 0.623, 0.238, 0.61, 0.776, 0.185, 0.334, 0.756, 0.336, 0.245, 0.675, 0.224, 0.409
0.37, 0.208, 0.623, 0.238, 0.61, 0.776, 0.185, 0.334, 0.756, 0.336, 0.245, 0.675, 0.224, 0.409
0.385, 0.25, 0.646, 0.227, 0.893, 0.771, 0.217, 0.586, 0.745, 0.374, 0.458, 0.662, 0.391, 0.516
0.384, 0.237, 0.646, 0.225, 0.892, 0.77, 0.225, 0.587, 0.741, 0.384, 0.459, 0.661, 0.399, 0.515
0.372, 0.189, 0.651, 0.227, 0.823, 0.774, 0.217, 0.523, 0.75, 0.342, 0.362, 0.667, 0.273, 0.451
0.366, 0.186, 0.65, 0.229, 0.773, 0.766, 0.21, 0.474, 0.747, 0.337, 0.292, 0.667, 0.244, 0.425
0.365, 0.183, 0.648, 0.233, 0.724, 0.757, 0.208, 0.447, 0.749, 0.338, 0.226, 0.667, 0.234, 0.401
0.365, 0.179, 0.646, 0.236, 0.682, 0.75, 0.206, 0.392, 0.762, 0.339, 0.198, 0.668, 0.23, 0.378
0.363, 0.176, 0.644, 0.238, 0.65, 0.75, 0.199, 0.343, 0.773, 0.339, 0.182, 0.666, 0.231, 0.375
0.361, 0.175, 0.64, 0.239, 0.625, 0.752, 0.198, 0.324, 0.78, 0.339, 0.181, 0.665, 0.233, 0.375
0.359, 0.174, 0.638, 0.24, 0.612, 0.755, 0.197, 0.297, 0.783, 0.338, 0.179, 0.665, 0.236, 0.375
0.359, 0.176, 0.639, 0.241, 0.604, 0.756, 0.197, 0.291, 0.782, 0.339, 0.179, 0.665, 0.236, 0.375
0.36, 0.18, 0.64, 0.241, 0.599, 0.755, 0.196, 0.287, 0.781, 0.339, 0.177, 0.666, 0.235, 0.376
0.365, 0.185, 0.64, 0.242, 0.594, 0.756, 0.196, 0.284, 0.78, 0.339, 0.175, 0.666, 0.234, 0.376
0.368, 0.205, 0.641, 0.242, 0.591, 0.755, 0.196, 0.283, 0.779, 0.339, 0.173, 0.666, 0.233, 0.377
0.38, 0.306, 0.639, 0.243, 0.589, 0.752, 0.195, 0.282, 0.778, 0.339, 0.17, 0.666, 0.231, 0.377
0.395, 0.372, 0.626, 0.245, 0.62, 0.748, 0.192, 0.285, 0.778, 0.339, 0.168, 0.667, 0.231, 0.378
0.406, 0.418, 0.61, 0.247, 0.672, 0.743, 0.185, 0.297, 0.777, 0.339, 0.166, 0.668, 0.229, 0.38
0.425, 0.428, 0.574, 0.248, 0.719, 0.738, 0.178, 0.322, 0.777, 0.339, 0.165, 0.669, 0.228, 0.382
0.443, 0.427, 0.561, 0.249, 0.758, 0.733, 0.174, 0.35, 0.776, 0.338, 0.165, 0.668, 0.226, 0.384
0.456, 0.427, 0.553, 0.249, 0.785, 0.728, 0.176, 0.36, 0.775, 0.338, 0.166, 0.669, 0.225, 0.384
0.462, 0.429, 0.544, 0.248, 0.811, 0.73, 0.177, 0.36, 0.773, 0.337, 0.17, 0.671, 0.223, 0.386
0.463, 0.432, 0.538, 0.248, 0.825, 0.739, 0.176, 0.358, 0.767, 0.336, 0.196, 0.673, 0.224, 0.388
0.463, 0.433, 0.533, 0.248, 0.833, 0.736, 0.176, 0.368, 0.764, 0.335, 0.218, 0.672, 0.222, 0.387
0.462, 0.434, 0.53, 0.248, 0.834, 0.736, 0.177, 0.376, 0.765, 0.335, 0.231, 0.672, 0.222, 0.387
0.461, 0.434, 0.527, 0.249, 0.835, 0.736, 0.177, 0.381, 0.766, 0.335, 0.232, 0.672, 0.222, 0.387
0.459, 0.433, 0.525, 0.249, 0.834, 0.736, 0.177, 0.384, 0.766, 0.335, 0.228, 0.672, 0.222, 0.387
0.456, 0.431, 0.522, 0.249, 0.831, 0.737, 0.178, 0.383, 0.768, 0.335, 0.219, 0.672, 0.224, 0.387
0.451, 0.431, 0.519, 0.25, 0.822, 0.737, 0.178, 0.377, 0.769, 0.334, 0.208, 0.67, 0.227, 0.387
0.446, 0.441, 0.517, 0.25, 0.806, 0.738, 0.177, 0.355, 0.771, 0.335, 0.189, 0.666, 0.23, 0.385
0.441, 0.462, 0.519, 0.25, 0.788, 0.739, 0.173, 0.341, 0.771, 0.335, 0.182, 0.666, 0.23, 0.381
0.43, 0.44, 0.524, 0.251, 0.771, 0.741, 0.172, 0.329, 0.772, 0.335, 0.176, 0.666, 0.23, 0.378
0.43, 0.44, 0.524, 0.251, 0.771, 0.741, 0.172, 0.329, 0.772, 0.335, 0.176, 0.666, 0.23, 0.378
0.43, 0.44, 0.524, 0.251, 0.771, 0.741, 0.172, 0.329, 0.772, 0.335, 0.176, 0.666, 0.23, 0.378
0.43, 0.44, 0.524, 0.251, 0.771, 0.741, 0.172, 0.329, 0.772, 0.335, 0.176, 0.666, 0.23, 0.378
0.43, 0.44, 0.524, 0.251, 0.771, 0.741, 0.172, 0.329, 0.772, 0.335, 0.176, 0.666, 0.23, 0.378
0.43, 0.44, 0.524, 0.251, 0.771, 0.741, 0.172, 0.329, 0.772, 0.335, 0.176, 0.666, 0.23, 0.378
0.43, 0.44, 0.524, 0.251, 0.771, 0.741, 0.172, 0.329, 0.772, 0.335, 0.176, 0.666, 0.23, 0.378
0.43, 0.44, 0.524, 0.251, 0.771, 0.741, 0.172, 0.329, 0.772, 0.335, 0.176, 0.666, 0.23, 0.378
0.43, 0.44, 0.524, 0.251, 0.771, 0.741, 0.172, 0.329, 0.772, 0.335, 0.176, 0.666, 0.23, 0.378
0.43, 0.44, 0.524, 0.251, 0.771, 0.741, 0.172, 0.329, 0.772, 0.335, 0.176, 0.666, 0.23, 0.378
0.43, 0.44, 0.524, 0.251, 0.771, 0.741, 0.172, 0.329, 0.772, 0.335, 0.176, 0.666, 0.23, 0.378
0.43, 0.44, 0.524, 0.251, 0.771, 0.741, 0.172, 0.329, 0.772, 0.335, 0.176, 0.666, 0.23, 0.378
0.43, 0.44, 0.524, 0.251, 0.771, 0.741, 0.172, 0.329, 0.772, 0.335, 0.176, 0.666, 0.23, 0.378
0.43, 0.44, 0.524, 0.251, 0.771, 0.741, 0.172, 0.329, 0.772, 0.335, 0.176, 0.666, 0.23, 0.378
0.43, 0.44, 0.524, 0.251, 0.771, 0.741, 0.172, 0.329, 0.772, 0.335, 0.176, 0.666, 0.23, 0.378
0.43, 0.44, 0.524, 0.251, 0.771, 0.741, 0.172, 0.329, 0.772, 0.335, 0.176, 0.666, 0.23, 0.378
0.43, 0.44, 0.524, 0.251, 0.771, 0.741, 0.172, 0.329, 0.772, 0.335, 0.176, 0.666, 0.23, 0.378
0.43, 0.44, 0.524, 0.251, 0.771, 0.741, 0.172, 0.329, 0.772, 0.335, 0.176, 0.666, 0.23, 0.378
0.43, 0.44, 0.524, 0.251, 0.771, 0.741, 0.172, 0.329, 0.772, 0.335, 0.176, 0.666, 0.23, 0.378
0.43, 0.44, 0.524, 0.251, 0.771, 0.741, 0.172, 0.329, 0.772, 0.335, 0.176, 0.666, 0.23, 0.378
0.43, 0.44, 0.524, 0.251, 0.771, 0.741, 0.172, 0.329, 0.772, 0.335, 0.176, 0.666, 0.23, 0.378
0.43, 0.44, 0.524, 0.251, 0.771, 0.741, 0.172, 0.329, 0.772, 0.335, 0.176, 0.666, 0.23, 0.378
0.43, 0.44, 0.524, 0.251, 0.771, 0.741, 0.172, 0.329, 0.772, 0.335, 0.176, 0.666, 0.23, 0.378
0.43, 0.44, 0.524, 0.251, 0.771, 0.741, 0.172, 0.329, 0.772, 0.335, 0.176, 0.666, 0.23, 0.378
0.43, 0.44, 0.524, 0.251, 0.771, 0.741, 0.172, 0.329, 0.772, 0.335, 0.176, 0.666, 0.23, 0.378
0.43, 0.44, 0.524, 0.251, 0.771, 0.741, 0.172, 0.329, 0.772, 0.335, 0.176, 0.666, 0.23, 0.378
0.43, 0.44, 0.524, 0.251, 0.771, 0.741, 0.172, 0.329, 0.772, 0.335, 0.176, 0.666, 0.23, 0.378
0.43, 0.44, 0.524, 0.251, 0.771, 0.741, 0.172, 0.329, 0.772, 0.335, 0.176, 0.666, 0.23, 0.378
0.43, 0.44, 0.524, 0.251, 0.771, 0.741, 0.172, 0.329, 0.772, 0.335, 0.176, 0.666, 0.23, 0.378
0.43, 0.44, 0.524, 0.251, 0.771, 0.741, 0.172, 0.329, 0.772, 0.335, 0.176, 0.666, 0.23, 0.378
0.43, 0.44, 0.524, 0.251, 0.771, 0.741, 0.172, 0.329, 0.772, 0.335, 0.176, 0.666, 0.23, 0.378
0.43, 0.44, 0.524, 0.251, 0.771, 0.741, 0.172, 0.329, 0.772, 0.335, 0.176, 0.666, 0.23, 0.378
0.43, 0.44, 0.524, 0.251, 0.771, 0.741, 0.172, 0.329, 0.772, 0.335, 0.176, 0.666, 0.23, 0.378
0.43, 0.44, 0.524, 0.251, 0.771, 0.741, 0.172, 0.329, 0.772, 0.335, 0.176, 0.666, 0.23, 0.378
0.43, 0.44, 0.524, 0.251, 0.771, 0.741, 0.172, 0.329, 0.772, 0.335, 0.176, 0.666, 0.23, 0.378
0.43, 0.44, 0.524, 0.251, 0.771, 0.741, 0.172, 0.329, 0.772, 0.335, 0.176, 0.666, 0.23, 0.378
0.43, 0.44, 0.524, 0.251, 0.771, 0.741, 0.172, 0.329, 0.772, 0.335, 0.176, 0.666, 0.23, 0.378
0.43, 0.44, 0.524, 0.251, 0.771, 0.741, 0.172, 0.329, 0.772, 0.335, 0.176, 0.666, 0.23, 0.378
0.43, 0.44, 0.524, 0.251, 0.771, 0.741, 0.172, 0.329, 0.772, 0.335, 0.176, 0.666, 0.23, 0.378
0.43, 0.44, 0.524, 0.251, 0.771, 0.741, 0.172, 0.329, 0.772, 0.335, 0.176, 0.666, 0.23, 0.378
0.43, 0.44, 0.524, 0.251, 0.771, 0.741, 0.172, 0.329, 0.772, 0.335, 0.176, 0.666, 0.23, 0.378
0.43, 0.44, 0.524, 0.251, 0.771, 0.741, 0.172, 0.329, 0.772, 0.335, 0.176, 0.666, 0.23, 0.378
0.43, 0.44, 0.524, 0.251, 0.771, 0.741, 0.172, 0.329, 0.772, 0.335, 0.176, 0.666, 0.23, 0.378
0.43, 0.44, 0.524, 0.251, 0.771, 0.741, 0.172, 0.329, 0.772, 0.335, 0.176, 0.666, 0.23, 0.378
0.43, 0.44, 0.524, 0.251, 0.771, 0.741, 0.172, 0.329, 0.772, 0.335, 0.176, 0.666, 0.23, 0.378
0.43, 0.44, 0.524, 0.251, 0.771, 0.741, 0.172, 0.329, 0.772, 0.335, 0.176, 0.666, 0.23, 0.378
0.43, 0.44, 0.524, 0.251, 0.771, 0.741, 0.172, 0.329, 0.772, 0.335, 0.176, 0.666, 0.23, 0.378
0.43, 0.44, 0.524, 0.251, 0.771, 0.741, 0.172, 0.329, 0.772, 0.335, 0.176, 0.666, 0.23, 0.378
0.43, 0.44, 0.524, 0.251, 0.771, 0.741, 0.172, 0.329, 0.772, 0.335, 0.176, 0.666, 0.23, 0.378
0.43, 0.44, 0.524, 0.251, 0.771, 0.741, 0.172, 0.329, 0.772, 0.335, 0.176, 0.666, 0.23, 0.378
0.43, 0.44, 0.524, 0.251, 0.771, 0.741, 0.172, 0.329, 0.772, 0.335, 0.176, 0.666, 0.23, 0.378
0.43, 0.44, 0.524, 0.251, 0.771, 0.741, 0.172, 0.329, 0.772, 0.335, 0.176, 0.666, 0.23, 0.378
0.43, 0.44, 0.524, 0.251, 0.771, 0.741, 0.172, 0.329, 0.772, 0.335, 0.176, 0.666, 0.23, 0.378
0.43, 0.44, 0.524, 0.251, 0.771, 0.741, 0.172, 0.329, 0.772, 0.335, 0.176, 0.666, 0.23, 0.378
0.43, 0.44, 0.524, 0.251, 0.771, 0.741, 0.172, 0.329, 0.772, 0.335, 0.176, 0.666, 0.23, 0.378
0.43, 0.44, 0.524, 0.251, 0.771, 0.741, 0.172, 0.329, 0.772, 0.335, 0.176, 0.666, 0.23, 0.378
0.43, 0.44, 0.524, 0.251, 0.771, 0.741, 0.172, 0.329, 0.772, 0.335, 0.176, 0.666, 0.23, 0.378
0.43, 0.44, 0.524, 0.251, 0.771, 0.741, 0.172, 0.329, 0.772, 0.335, 0.176, 0.666, 0.23, 0.378
0.43, 0.44, 0.524, 0.251, 0.771, 0.741, 0.172, 0.329, 0.772, 0.335, 0.176, 0.666, 0.23, 0.378
0.43, 0.44, 0.524, 0.251, 0.771, 0.741, 0.172, 0.329, 0.772, 0.335, 0.176, 0.666, 0.23, 0.378
0.43, 0.44, 0.524, 0.251, 0.771, 0.741, 0.172, 0.329, 0.772, 0.335, 0.176, 0.666, 0.23, 0.378
0.43, 0.44, 0.524, 0.251, 0.771, 0.741, 0.172, 0.329, 0.772, 0.335, 0.176, 0.666, 0.23, 0.378
0.43, 0.44, 0.524, 0.251, 0.771, 0.741, 0.172, 0.329, 0.772, 0.335, 0.176, 0.666, 0.23, 0.378
0.43, 0.44, 0.524, 0.251, 0.771, 0.741, 0.172, 0.329, 0.772, 0.335, 0.176, 0.666, 0.23, 0.378
0.43, 0.44, 0.524, 0.251, 0.771, 0.741, 0.172, 0.329, 0.772, 0.335, 0.176, 0.666, 0.23, 0.378
0.43, 0.44, 0.524, 0.251, 0.771, 0.741, 0.172, 0.329, 0.772, 0.335, 0.176, 0.666, 0.23, 0.378
0.43, 0.44, 0.524, 0.251, 0.771, 0.741, 0.172, 0.329, 0.772, 0.335, 0.176, 0.666, 0.23, 0.378
0.43, 0.44, 0.524, 0.251, 0.771, 0.741, 0.172, 0.329, 0.772, 0.335, 0.176, 0.666, 0.23, 0.378
0.43, 0.44, 0.524, 0.251, 0.771, 0.741, 0.172, 0.329, 0.772, 0.335, 0.176, 0.666, 0.23, 0.378
0.43, 0.44, 0.524, 0.251, 0.771, 0.741, 0.172, 0.329, 0.772, 0.335, 0.176, 0.666, 0.23, 0.378
0.43, 0.44, 0.524, 0.251, 0.771, 0.741, 0.172, 0.329, 0.772, 0.335, 0.176, 0.666, 0.23, 0.378
0.43, 0.44, 0.524, 0.251, 0.771, 0.741, 0.172, 0.329, 0.772, 0.335, 0.176, 0.666, 0.23, 0.378
0.43, 0.44, 0.524, 0.251, 0.771, 0.741, 0.172, 0.329, 0.772, 0.335, 0.176, 0.666, 0.23, 0.378
0.43, 0.44, 0.524, 0.251, 0.771, 0.741, 0.172, 0.329, 0.772, 0.335, 0.176, 0.666, 0.23, 0.378
0.43, 0.44, 0.524, 0.251, 0.771, 0.741, 0.172, 0.329, 0.772, 0.335, 0.176, 0.666, 0.23, 0.378
0.43, 0.44, 0.524, 0.251, 0.771, 0.741, 0.172, 0.329, 0.772, 0.335, 0.176, 0.666, 0.23, 0.378
0.43, 0.44, 0.524, 0.251, 0.771, 0.741, 0.172, 0.329, 0.772, 0.335, 0.176, 0.666, 0.23, 0.378
0.43, 0.44, 0.524, 0.251, 0.771, 0.741, 0.172, 0.329, 0.772, 0.335, 0.176, 0.666, 0.23, 0.378
0.43, 0.44, 0.524, 0.251, 0.771, 0.741, 0.172, 0.329, 0.772, 0.335, 0.176, 0.666, 0.23, 0.378
0.43, 0.44, 0.524, 0.251, 0.771, 0.741, 0.172, 0.329, 0.772, 0.335, 0.176, 0.666, 0.23, 0.378
0.43, 0.44, 0.524, 0.251, 0.771, 0.741, 0.172, 0.329, 0.772, 0.335, 0.176, 0.666, 0.23, 0.378
0.43, 0.44, 0.524, 0.251, 0.771, 0.741, 0.172, 0.329, 0.772, 0.335, 0.176, 0.666, 0.23, 0.378
0.43, 0.44, 0.524, 0.251, 0.771, 0.741, 0.172, 0.329, 0.772, 0.335, 0.176, 0.666, 0.23, 0.378
0.43, 0.44, 0.524, 0.251, 0.771, 0.741, 0.172, 0.329, 0.772, 0.335, 0.176, 0.666, 0.23, 0.378
0.43, 0.44, 0.524, 0.251, 0.771, 0.741, 0.172, 0.329, 0.772, 0.335, 0.176, 0.666, 0.23, 0.378
0.43, 0.44, 0.524, 0.251, 0.771, 0.741, 0.172, 0.329, 0.772, 0.335, 0.176, 0.666, 0.23, 0.378
0.43, 0.44, 0.524, 0.251, 0.771, 0.741, 0.172, 0.329, 0.772, 0.335, 0.176, 0.666, 0.23, 0.378
0.43, 0.44, 0.524, 0.251, 0.771, 0.741, 0.172, 0.329, 0.772, 0.335, 0.176, 0.666, 0.23, 0.378
0.43, 0.44, 0.524, 0.251, 0.771, 0.741, 0.172, 0.329, 0.772, 0.335, 0.176, 0.666, 0.23, 0.378
0.43, 0.44, 0.524, 0.251, 0.771, 0.741, 0.172, 0.329, 0.772, 0.335, 0.176, 0.666, 0.23, 0.378
0.43, 0.44, 0.524, 0.251, 0.771, 0.741, 0.172, 0.329, 0.772, 0.335, 0.176, 0.666, 0.23, 0.378
0.43, 0.44, 0.524, 0.251, 0.771, 0.741, 0.172, 0.329, 0.772, 0.335, 0.176, 0.666, 0.23, 0.378
0.43, 0.44, 0.524, 0.251, 0.771, 0.741, 0.172, 0.329, 0.772, 0.335, 0.176, 0.666, 0.23, 0.378
0.43, 0.44, 0.524, 0.251, 0.771, 0.741, 0.172, 0.329, 0.772, 0.335, 0.176, 0.666, 0.23, 0.378
0.43, 0.44, 0.524, 0.251, 0.771, 0.741, 0.172, 0.329, 0.772, 0.335, 0.176, 0.666, 0.23, 0.378
0.43, 0.44, 0.524, 0.251, 0.771, 0.741, 0.172, 0.329, 0.772, 0.335, 0.176, 0.666, 0.23, 0.378
0.43, 0.44, 0.524, 0.251, 0.771, 0.741, 0.172, 0.329, 0.772, 0.335, 0.176, 0.666, 0.23, 0.378
0.43, 0.44, 0.524, 0.251, 0.771, 0.741, 0.172, 0.329, 0.772, 0.335, 0.176, 0.666, 0.23, 0.378
0.43, 0.44, 0.524, 0.251, 0.771, 0.741, 0.172, 0.329, 0.772, 0.335, 0.176, 0.666, 0.23, 0.378
0.43, 0.44, 0.524, 0.251, 0.771, 0.741, 0.172, 0.329, 0.772, 0.335, 0.176, 0.666, 0.23, 0.378
0.43, 0.44, 0.524, 0.251, 0.771, 0.741, 0.172, 0.329, 0.772, 0.335, 0.176, 0.666, 0.23, 0.378
0.43, 0.44, 0.524, 0.251, 0.771, 0.741, 0.172, 0.329, 0.772, 0.335, 0.176, 0.666, 0.23, 0.378
0.43, 0.44, 0.524, 0.251, 0.771, 0.741, 0.172, 0.329, 0.772, 0.335, 0.176, 0.666, 0.23, 0.378
0.43, 0.44, 0.524, 0.251, 0.771, 0.741, 0.172, 0.329, 0.772, 0.335, 0.176, 0.666, 0.23, 0.378
0.43, 0.44, 0.524, 0.251, 0.771, 0.741, 0.172, 0.329, 0.772, 0.335, 0.176, 0.666, 0.23, 0.378
0.43, 0.44, 0.524, 0.251, 0.771, 0.741, 0.172, 0.329, 0.772, 0.335, 0.176, 0.666, 0.23, 0.378
0.43, 0.44, 0.524, 0.251, 0.771, 0.741, 0.172, 0.329, 0.772, 0.335, 0.176, 0.666, 0.23, 0.378
0.43, 0.44, 0.524, 0.251, 0.771, 0.741, 0.172, 0.329, 0.772, 0.335, 0.176, 0.666, 0.23, 0.378
0.43, 0.44, 0.524, 0.251, 0.771, 0.741, 0.172, 0.329, 0.772, 0.335, 0.176, 0.666, 0.23, 0.378
0.43, 0.44, 0.524, 0.251, 0.771, 0.741, 0.172, 0.329, 0.772, 0.335, 0.176, 0.666, 0.23, 0.378
0.43, 0.44, 0.524, 0.251, 0.771, 0.741, 0.172, 0.329, 0.772, 0.335, 0.176, 0.666, 0.23, 0.378
0.43, 0.44, 0.524, 0.251, 0.771, 0.741, 0.172, 0.329, 0.772, 0.335, 0.176, 0.666, 0.23, 0.378
0.43, 0.44, 0.524, 0.251, 0.771, 0.741, 0.172, 0.329, 0.772, 0.335, 0.176, 0.666, 0.23, 0.378
0.43, 0.44, 0.524, 0.251, 0.771, 0.741, 0.172, 0.329, 0.772, 0.335, 0.176, 0.666, 0.23, 0.378
0.43, 0.44, 0.524, 0.251, 0.771, 0.741, 0.172, 0.329, 0.772, 0.335, 0.176, 0.666, 0.23, 0.378
0.43, 0.44, 0.524, 0.251, 0.771, 0.741, 0.172, 0.329, 0.772, 0.335, 0.176, 0.666, 0.23, 0.378
0.43, 0.44, 0.524, 0.251, 0.771, 0.741, 0.172, 0.329, 0.772, 0.335, 0.176, 0.666, 0.23, 0.378
0.43, 0.44, 0.524, 0.251, 0.771, 0.741, 0.172, 0.329, 0.772, 0.335, 0.176, 0.666, 0.23, 0.378
0.43, 0.44, 0.524, 0.251, 0.771, 0.741, 0.172, 0.329, 0.772, 0.335, 0.176, 0.666, 0.23, 0.378
0.43, 0.44, 0.524, 0.251, 0.771, 0.741, 0.172, 0.329, 0.772, 0.335, 0.176, 0.666, 0.23, 0.378
0.43, 0.44, 0.524, 0.251, 0.771, 0.741, 0.172, 0.329, 0.772, 0.335, 0.176, 0.666, 0.23, 0.378
0.43, 0.44, 0.524, 0.251, 0.771, 0.741, 0.172, 0.329, 0.772, 0.335, 0.176, 0.666, 0.23, 0.378
0.43, 0.44, 0.524, 0.251, 0.771, 0.741, 0.172, 0.329, 0.772, 0.335, 0.176, 0.666, 0.23, 0.378
0.43, 0.44, 0.524, 0.251, 0.771, 0.741, 0.172, 0.329, 0.772, 0.335, 0.176, 0.666, 0.23, 0.378
0.43, 0.44, 0.524, 0.251, 0.771, 0.741, 0.172, 0.329, 0.772, 0.335, 0.176, 0.666, 0.23, 0.378
0.43, 0.44, 0.524, 0.251, 0.771, 0.741, 0.172, 0.329, 0.772, 0.335, 0.176, 0.666, 0.23, 0.378
0.43, 0.44, 0.524, 0.251, 0.771, 0.741, 0.172, 0.329, 0.772, 0.335, 0.176, 0.666, 0.23, 0.378
0.43, 0.44, 0.524, 0.251, 0.771, 0.741, 0.172, 0.329, 0.772, 0.335, 0.176, 0.666, 0.23, 0.378
0.43, 0.44, 0.524, 0.251, 0.771, 0.741, 0.172, 0.329, 0.772, 0.335, 0.176, 0.666, 0.23, 0.378
0.43, 0.44, 0.524, 0.251, 0.771, 0.741, 0.172, 0.329, 0.772, 0.335, 0.176, 0.666, 0.23, 0.378
0.43, 0.44, 0.524, 0.251, 0.771, 0.741, 0.172, 0.329, 0.772, 0.335, 0.176, 0.666, 0.23, 0.378
0.43, 0.44, 0.524, 0.251, 0.771, 0.741, 0.172, 0.329, 0.772, 0.335, 0.176, 0.666, 0.23, 0.378
0.43, 0.44, 0.524, 0.251, 0.771, 0.741, 0.172, 0.329, 0.772, 0.335, 0.176, 0.666, 0.23, 0.378
0.43, 0.44, 0.524, 0.251, 0.771, 0.741, 0.172, 0.329, 0.772, 0.335, 0.176, 0.666, 0.23, 0.378
0.43, 0.44, 0.524, 0.251, 0.771, 0.741, 0.172, 0.329, 0.772, 0.335, 0.176, 0.666, 0.23, 0.378
0.43, 0.44, 0.524, 0.251, 0.771, 0.741, 0.172, 0.329, 0.772, 0.335, 0.176, 0.666, 0.23, 0.378
0.43, 0.44, 0.524, 0.251, 0.771, 0.741, 0.172, 0.329, 0.772, 0.335, 0.176, 0.666, 0.23, 0.378
0.43, 0.44, 0.524, 0.251, 0.771, 0.741, 0.172, 0.329, 0.772, 0.335, 0.176, 0.666, 0.23, 0.378
0.43, 0.44, 0.524, 0.251, 0.771, 0.741, 0.172, 0.329, 0.772, 0.335, 0.176, 0.666, 0.23, 0.378
0.43, 0.44, 0.524, 0.251, 0.771, 0.741, 0.172, 0.329, 0.772, 0.335, 0.176, 0.666, 0.23, 0.378
0.43, 0.44, 0.524, 0.251, 0.771, 0.741, 0.172, 0.329, 0.772, 0.335, 0.176, 0.666, 0.23, 0.378
0.43, 0.44, 0.524, 0.251, 0.771, 0.741, 0.172, 0.329, 0.772, 0.335, 0.176, 0.666, 0.23, 0.378
0.43, 0.44, 0.524, 0.251, 0.771, 0.741, 0.172, 0.329, 0.772, 0.335, 0.176, 0.666, 0.23, 0.378
0.43, 0.44, 0.524, 0.251, 0.771, 0.741, 0.172, 0.329, 0.772, 0.335, 0.176, 0.666, 0.23, 0.378
0.43, 0.44, 0.524, 0.251, 0.771, 0.741, 0.172, 0.329, 0.772, 0.335, 0.176, 0.666, 0.23, 0.378
0.43, 0.44, 0.524, 0.251, 0.771, 0.741, 0.172, 0.329, 0.772, 0.335, 0.176, 0.666, 0.23, 0.378
0.43, 0.44, 0.524, 0.251, 0.771, 0.741, 0.172, 0.329, 0.772, 0.335, 0.176, 0.666, 0.23, 0.378
0.43, 0.44, 0.524, 0.251, 0.771, 0.741, 0.172, 0.329, 0.772, 0.335, 0.176, 0.666, 0.23, 0.378
0.43, 0.44, 0.524, 0.251, 0.771, 0.741, 0.172, 0.329, 0.772, 0.335, 0.176, 0.666, 0.23, 0.378
0.43, 0.44, 0.524, 0.251, 0.771, 0.741, 0.172, 0.329, 0.772, 0.335, 0.176, 0.666, 0.23, 0.378
0.43, 0.44, 0.524, 0.251, 0.771, 0.741, 0.172, 0.329, 0.772, 0.335, 0.176, 0.666, 0.23, 0.378
0.43, 0.44, 0.524, 0.251, 0.771, 0.741, 0.172, 0.329, 0.772, 0.335, 0.176, 0.666, 0.23, 0.378
0.43, 0.44, 0.524, 0.251, 0.771, 0.741, 0.172, 0.329, 0.772, 0.335, 0.176, 0.666, 0.23, 0.378
0.43, 0.44, 0.524, 0.251, 0.771, 0.741, 0.172, 0.329, 0.772, 0.335, 0.176, 0.666, 0.23, 0.378
0.43, 0.44, 0.524, 0.251, 0.771, 0.741, 0.172, 0.329, 0.772, 0.335, 0.176, 0.666, 0.23, 0.378
0.43, 0.44, 0.524, 0.251, 0.771, 0.741, 0.172, 0.329, 0.772, 0.335, 0.176, 0.666, 0.23, 0.378
0.358, 0.183, 0.64, 0.232, 0.556, 0.748, 0.193, 0.277, 0.788, 0.337, 0.178, 0.667, 0.233, 0.383
0.358, 0.183, 0.634, 0.234, 0.554, 0.779, 0.198, 0.268, 0.791, 0.334, 0.179, 0.661, 0.229, 0.371
0.362, 0.188, 0.635, 0.232, 0.554, 0.758, 0.181, 0.268, 0.794, 0.335, 0.176, 0.666, 0.231, 0.377
0.368, 0.191, 0.632, 0.231, 0.548, 0.766, 0.181, 0.267, 0.786, 0.337, 0.173, 0.669, 0.231, 0.383
0.369, 0.192, 0.632, 0.23, 0.552, 0.773, 0.182, 0.265, 0.784, 0.336, 0.169, 0.673, 0.229, 0.386
0.37, 0.193, 0.632, 0.231, 0.553, 0.777, 0.183, 0.265, 0.783, 0.336, 0.166, 0.675, 0.223, 0.385
0.369, 0.195, 0.635, 0.232, 0.552, 0.777, 0.179, 0.267, 0.778, 0.336, 0.165, 0.676, 0.219, 0.383
0.366, 0.194, 0.637, 0.232, 0.554, 0.768, 0.178, 0.267, 0.782, 0.334, 0.169, 0.673, 0.224, 0.382
0.366, 0.194, 0.637, 0.232, 0.554, 0.768, 0.178, 0.267, 0.785, 0.335, 0.17, 0.669, 0.234, 0.386
0.364, 0.193, 0.64, 0.232, 0.555, 0.751, 0.178, 0.267, 0.783, 0.337, 0.167, 0.667, 0.246, 0.388
0.363, 0.192, 0.642, 0.232, 0.561, 0.735, 0.18, 0.266, 0.781, 0.339, 0.164, 0.666, 0.253, 0.39
0.362, 0.191, 0.643, 0.232, 0.562, 0.731, 0.179, 0.269, 0.779, 0.339, 0.181, 0.664, 0.257, 0.392
0.363, 0.191, 0.644, 0.232, 0.56, 0.731, 0.177, 0.275, 0.78, 0.338, 0.204, 0.664, 0.259, 0.392
0.364, 0.191, 0.645, 0.233, 0.559, 0.729, 0.176, 0.285, 0.781, 0.337, 0.224, 0.666, 0.257, 0.392
0.365, 0.191, 0.645, 0.233, 0.561, 0.726, 0.176, 0.304, 0.782, 0.335, 0.243, 0.667, 0.251, 0.391
0.365, 0.192, 0.643, 0.233, 0.565, 0.726, 0.176, 0.349, 0.782, 0.335, 0.266, 0.669, 0.238, 0.391
0.366, 0.191, 0.642, 0.233, 0.573, 0.728, 0.177, 0.398, 0.782, 0.335, 0.295, 0.671, 0.228, 0.391
0.367, 0.192, 0.641, 0.232, 0.587, 0.728, 0.179, 0.43, 0.783, 0.335, 0.324, 0.67, 0.225, 0.39
0.367, 0.192, 0.641, 0.232, 0.605, 0.732, 0.181, 0.456, 0.786, 0.335, 0.361, 0.67, 0.225, 0.392
0.367, 0.194, 0.642, 0.23, 0.752, 0.74, 0.192, 0.515, 0.788, 0.335, 0.39, 0.671, 0.224, 0.416
0.367, 0.195, 0.642, 0.229, 0.802, 0.745, 0.192, 0.545, 0.788, 0.335, 0.414, 0.674, 0.223, 0.437
0.367, 0.196, 0.641, 0.229, 0.822, 0.755, 0.194, 0.573, 0.785, 0.335, 0.448, 0.675, 0.222, 0.473
0.368, 0.198, 0.642, 0.23, 0.849, 0.761, 0.202, 0.624, 0.78, 0.335, 0.467, 0.672, 0.223, 0.49
0.37, 0.201, 0.643, 0.23, 0.87, 0.765, 0.211, 0.665, 0.778, 0.335, 0.477, 0.668, 0.228, 0.5
0.37, 0.201, 0.643, 0.23, 0.87, 0.765, 0.211, 0.665, 0.778, 0.335, 0.477, 0.668, 0.228, 0.5
0.37, 0.201, 0.643, 0.23, 0.87, 0.765, 0.211, 0.665, 0.778, 0.335, 0.477, 0.668, 0.228, 0.5
0.37, 0.201, 0.643, 0.23, 0.87, 0.765, 0.211, 0.665, 0.778, 0.335, 0.477, 0.668, 0.228, 0.5
0.37, 0.201, 0.643, 0.23, 0.87, 0.765, 0.211, 0.665, 0.778, 0.335, 0.477, 0.668, 0.228, 0.5
0.37, 0.201, 0.643, 0.23, 0.87, 0.765, 0.211, 0.665, 0.778, 0.335, 0.477, 0.668, 0.228, 0.5
0.37, 0.201, 0.643, 0.23, 0.87, 0.765, 0.211, 0.665, 0.778, 0.335, 0.477, 0.668, 0.228, 0.5
0.37, 0.201, 0.643, 0.23, 0.87, 0.765, 0.211, 0.665, 0.778, 0.335, 0.477, 0.668, 0.228, 0.5
0.37, 0.201, 0.643, 0.23, 0.87, 0.765, 0.211, 0.665, 0.778, 0.335, 0.477, 0.668, 0.228, 0.5
0.37, 0.201, 0.643, 0.23, 0.87, 0.765, 0.211, 0.665, 0.778, 0.335, 0.477, 0.668, 0.228, 0.5
0.37, 0.201, 0.643, 0.23, 0.87, 0.765, 0.211, 0.665, 0.778, 0.335, 0.477, 0.668, 0.228, 0.5
0.37, 0.201, 0.643, 0.23, 0.87, 0.765, 0.211, 0.665, 0.778, 0.335, 0.477, 0.668, 0.228, 0.5
0.37, 0.201, 0.643, 0.23, 0.87, 0.765, 0.211, 0.665, 0.778, 0.335, 0.477, 0.668, 0.228, 0.5
0.37, 0.201, 0.643, 0.23, 0.87, 0.765, 0.211, 0.665, 0.778, 0.335, 0.477, 0.668, 0.228, 0.5
0.37, 0.201, 0.643, 0.23, 0.87, 0.765, 0.211, 0.665, 0.778, 0.335, 0.477, 0.668, 0.228, 0.5
0.37, 0.201, 0.643, 0.23, 0.87, 0.765, 0.211, 0.665, 0.778, 0.335, 0.477, 0.668, 0.228, 0.5
0.37, 0.201, 0.643, 0.23, 0.87, 0.765, 0.211, 0.665, 0.778, 0.335, 0.477, 0.668, 0.228, 0.5
0.37, 0.201, 0.643, 0.23, 0.87, 0.765, 0.211, 0.665, 0.778, 0.335, 0.477, 0.668, 0.228, 0.5
0.37, 0.201, 0.643, 0.23, 0.87, 0.765, 0.211, 0.665, 0.778, 0.335, 0.477, 0.668, 0.228, 0.5
0.37, 0.201, 0.643, 0.23, 0.87, 0.765, 0.211, 0.665, 0.778, 0.335, 0.477, 0.668, 0.228, 0.5
0.37, 0.201, 0.643, 0.23, 0.87, 0.765, 0.211, 0.665, 0.778, 0.335, 0.477, 0.668, 0.228, 0.5
0.37, 0.201, 0.643, 0.23, 0.87, 0.765, 0.211, 0.665, 0.778, 0.335, 0.477, 0.668, 0.228, 0.5
0.37, 0.201, 0.643, 0.23, 0.87, 0.765, 0.211, 0.665, 0.778, 0.335, 0.477, 0.668, 0.228, 0.5
0.37, 0.201, 0.643, 0.23, 0.87, 0.765, 0.211, 0.665, 0.778, 0.335, 0.477, 0.668, 0.228, 0.5
0.37, 0.201, 0.643, 0.23, 0.87, 0.765, 0.211, 0.665, 0.778, 0.335, 0.477, 0.668, 0.228, 0.5
0.37, 0.201, 0.643, 0.23, 0.87, 0.765, 0.211, 0.665, 0.778, 0.335, 0.477, 0.668, 0.228, 0.5
0.37, 0.201, 0.643, 0.23, 0.87, 0.765, 0.211, 0.665, 0.778, 0.335, 0.477, 0.668, 0.228, 0.5
0.37, 0.201, 0.643, 0.23, 0.87, 0.765, 0.211, 0.665, 0.778, 0.335, 0.477, 0.668, 0.228, 0.5
0.37, 0.201, 0.643, 0.23, 0.87, 0.765, 0.211, 0.665, 0.778, 0.335, 0.477, 0.668, 0.228, 0.5
0.37, 0.201, 0.643, 0.23, 0.87, 0.765, 0.211, 0.665, 0.778, 0.335, 0.477, 0.668, 0.228, 0.5
0.37, 0.201, 0.643, 0.23, 0.87, 0.765, 0.211, 0.665, 0.778, 0.335, 0.477, 0.668, 0.228, 0.5
0.37, 0.201, 0.643, 0.23, 0.87, 0.765, 0.211, 0.665, 0.778, 0.335, 0.477, 0.668, 0.228, 0.5
0.37, 0.201, 0.643, 0.23, 0.87, 0.765, 0.211, 0.665, 0.778, 0.335, 0.477, 0.668, 0.228, 0.5
0.37, 0.201, 0.643, 0.23, 0.87, 0.765, 0.211, 0.665, 0.778, 0.335, 0.477, 0.668, 0.228, 0.5
0.37, 0.201, 0.643, 0.23, 0.87, 0.765, 0.211, 0.665, 0.778, 0.335, 0.477, 0.668, 0.228, 0.5
0.37, 0.201, 0.643, 0.23, 0.87, 0.765, 0.211, 0.665, 0.778, 0.335, 0.477, 0.668, 0.228, 0.5
0.37, 0.201, 0.643, 0.23, 0.87, 0.765, 0.211, 0.665, 0.778, 0.335, 0.477, 0.668, 0.228, 0.5
0.37, 0.201, 0.643, 0.23, 0.87, 0.765, 0.211, 0.665, 0.778, 0.335, 0.477, 0.668, 0.228, 0.5
0.37, 0.201, 0.643, 0.23, 0.87, 0.765, 0.211, 0.665, 0.778, 0.335, 0.477, 0.668, 0.228, 0.5
0.37, 0.201, 0.643, 0.23, 0.87, 0.765, 0.211, 0.665, 0.778, 0.335, 0.477, 0.668, 0.228, 0.5
0.37, 0.201, 0.643, 0.23, 0.87, 0.765, 0.211, 0.665, 0.778, 0.335, 0.477, 0.668, 0.228, 0.5
0.37, 0.201, 0.643, 0.23, 0.87, 0.765, 0.211, 0.665, 0.778, 0.335, 0.477, 0.668, 0.228, 0.5
0.37, 0.201, 0.643, 0.23, 0.87, 0.765, 0.211, 0.665, 0.778, 0.335, 0.477, 0.668, 0.228, 0.5
0.37, 0.201, 0.643, 0.23, 0.87, 0.765, 0.211, 0.665, 0.778, 0.335, 0.477, 0.668, 0.228, 0.5
0.37, 0.201, 0.643, 0.23, 0.87, 0.765, 0.211, 0.665, 0.778, 0.335, 0.477, 0.668, 0.228, 0.5
0.37, 0.201, 0.643, 0.23, 0.87, 0.765, 0.211, 0.665, 0.778, 0.335, 0.477, 0.668, 0.228, 0.5
0.37, 0.201, 0.643, 0.23, 0.87, 0.765, 0.211, 0.665, 0.778, 0.335, 0.477, 0.668, 0.228, 0.5
0.37, 0.201, 0.643, 0.23, 0.87, 0.765, 0.211, 0.665, 0.778, 0.335, 0.477, 0.668, 0.228, 0.5
0.37, 0.201, 0.643, 0.23, 0.87, 0.765, 0.211, 0.665, 0.778, 0.335, 0.477, 0.668, 0.228, 0.5
0.37, 0.201, 0.643, 0.23, 0.87, 0.765, 0.211, 0.665, 0.778, 0.335, 0.477, 0.668, 0.228, 0.5
0.37, 0.201, 0.643, 0.23, 0.87, 0.765, 0.211, 0.665, 0.778, 0.335, 0.477, 0.668, 0.228, 0.5
0.37, 0.201, 0.643, 0.23, 0.87, 0.765, 0.211, 0.665, 0.778, 0.335, 0.477, 0.668, 0.228, 0.5
0.37, 0.201, 0.643, 0.23, 0.87, 0.765, 0.211, 0.665, 0.778, 0.335, 0.477, 0.668, 0.228, 0.5
0.37, 0.201, 0.643, 0.23, 0.87, 0.765, 0.211, 0.665, 0.778, 0.335, 0.477, 0.668, 0.228, 0.5
0.37, 0.201, 0.643, 0.23, 0.87, 0.765, 0.211, 0.665, 0.778, 0.335, 0.477, 0.668, 0.228, 0.5
0.37, 0.201, 0.643, 0.23, 0.87, 0.765, 0.211, 0.665, 0.778, 0.335, 0.477, 0.668, 0.228, 0.5
0.37, 0.201, 0.643, 0.23, 0.87, 0.765, 0.211, 0.665, 0.778, 0.335, 0.477, 0.668, 0.228, 0.5
0.37, 0.201, 0.643, 0.23, 0.87, 0.765, 0.211, 0.665, 0.778, 0.335, 0.477, 0.668, 0.228, 0.5
0.37, 0.201, 0.643, 0.23, 0.87, 0.765, 0.211, 0.665, 0.778, 0.335, 0.477, 0.668, 0.228, 0.5
0.37, 0.201, 0.643, 0.23, 0.87, 0.765, 0.211, 0.665, 0.778, 0.335, 0.477, 0.668, 0.228, 0.5
0.37, 0.201, 0.643, 0.23, 0.87, 0.765, 0.211, 0.665, 0.778, 0.335, 0.477, 0.668, 0.228, 0.5
0.37, 0.201, 0.643, 0.23, 0.87, 0.765, 0.211, 0.665, 0.778, 0.335, 0.477, 0.668, 0.228, 0.5
0.37, 0.201, 0.643, 0.23, 0.87, 0.765, 0.211, 0.665, 0.778, 0.335, 0.477, 0.668, 0.228, 0.5
0.37, 0.201, 0.643, 0.23, 0.87, 0.765, 0.211, 0.665, 0.778, 0.335, 0.477, 0.668, 0.228, 0.5
0.37, 0.201, 0.643, 0.23, 0.87, 0.765, 0.211, 0.665, 0.778, 0.335, 0.477, 0.668, 0.228, 0.5
0.37, 0.201, 0.643, 0.23, 0.87, 0.765, 0.211, 0.665, 0.778, 0.335, 0.477, 0.668, 0.228, 0.5
0.37, 0.201, 0.643, 0.23, 0.87, 0.765, 0.211, 0.665, 0.778, 0.335, 0.477, 0.668, 0.228, 0.5
0.37, 0.201, 0.643, 0.23, 0.87, 0.765, 0.211, 0.665, 0.778, 0.335, 0.477, 0.668, 0.228, 0.5
0.37, 0.201, 0.643, 0.23, 0.87, 0.765, 0.211, 0.665, 0.778, 0.335, 0.477, 0.668, 0.228, 0.5
0.37, 0.201, 0.643, 0.23, 0.87, 0.765, 0.211, 0.665, 0.778, 0.335, 0.477, 0.668, 0.228, 0.5
0.37, 0.201, 0.643, 0.23, 0.87, 0.765, 0.211, 0.665, 0.778, 0.335, 0.477, 0.668, 0.228, 0.5
0.37, 0.201, 0.643, 0.23, 0.87, 0.765, 0.211, 0.665, 0.778, 0.335, 0.477, 0.668, 0.228, 0.5
0.37, 0.201, 0.643, 0.23, 0.87, 0.765, 0.211, 0.665, 0.778, 0.335, 0.477, 0.668, 0.228, 0.5
0.37, 0.201, 0.643, 0.23, 0.87, 0.765, 0.211, 0.665, 0.778, 0.335, 0.477, 0.668, 0.228, 0.5
0.37, 0.201, 0.643, 0.23, 0.87, 0.765, 0.211, 0.665, 0.778, 0.335, 0.477, 0.668, 0.228, 0.5
0.37, 0.201, 0.643, 0.23, 0.87, 0.765, 0.211, 0.665, 0.778, 0.335, 0.477, 0.668, 0.228, 0.5
0.37, 0.201, 0.643, 0.23, 0.87, 0.765, 0.211, 0.665, 0.778, 0.335, 0.477, 0.668, 0.228, 0.5
0.37, 0.201, 0.643, 0.23, 0.87, 0.765, 0.211, 0.665, 0.778, 0.335, 0.477, 0.668, 0.228, 0.5
0.37, 0.201, 0.643, 0.23, 0.87, 0.765, 0.211, 0.665, 0.778, 0.335, 0.477, 0.668, 0.228, 0.5
0.37, 0.201, 0.643, 0.23, 0.87, 0.765, 0.211, 0.665, 0.778, 0.335, 0.477, 0.668, 0.228, 0.5
0.37, 0.201, 0.643, 0.23, 0.87, 0.765, 0.211, 0.665, 0.778, 0.335, 0.477, 0.668, 0.228, 0.5
0.37, 0.201, 0.643, 0.23, 0.87, 0.765, 0.211, 0.665, 0.778, 0.335, 0.477, 0.668, 0.228, 0.5
0.37, 0.201, 0.643, 0.23, 0.87, 0.765, 0.211, 0.665, 0.778, 0.335, 0.477, 0.668, 0.228, 0.5
0.37, 0.201, 0.643, 0.23, 0.87, 0.765, 0.211, 0.665, 0.778, 0.335, 0.477, 0.668, 0.228, 0.5
0.37, 0.201, 0.643, 0.23, 0.87, 0.765, 0.211, 0.665, 0.778, 0.335, 0.477, 0.668, 0.228, 0.5
0.37, 0.201, 0.643, 0.23, 0.87, 0.765, 0.211, 0.665, 0.778, 0.335, 0.477, 0.668, 0.228, 0.5
0.37, 0.201, 0.643, 0.23, 0.87, 0.765, 0.211, 0.665, 0.778, 0.335, 0.477, 0.668, 0.228, 0.5
0.37, 0.201, 0.643, 0.23, 0.87, 0.765, 0.211, 0.665, 0.778, 0.335, 0.477, 0.668, 0.228, 0.5
0.37, 0.201, 0.643, 0.23, 0.87, 0.765, 0.211, 0.665, 0.778, 0.335, 0.477, 0.668, 0.228, 0.5
0.37, 0.201, 0.643, 0.23, 0.87, 0.765, 0.211, 0.665, 0.778, 0.335, 0.477, 0.668, 0.228, 0.5
0.37, 0.201, 0.643, 0.23, 0.87, 0.765, 0.211, 0.665, 0.778, 0.335, 0.477, 0.668, 0.228, 0.5
0.37, 0.201, 0.643, 0.23, 0.87, 0.765, 0.211, 0.665, 0.778, 0.335, 0.477, 0.668, 0.228, 0.5
0.37, 0.201, 0.643, 0.23, 0.87, 0.765, 0.211, 0.665, 0.778, 0.335, 0.477, 0.668, 0.228, 0.5
0.37, 0.201, 0.643, 0.23, 0.87, 0.765, 0.211, 0.665, 0.778, 0.335, 0.477, 0.668, 0.228, 0.5
0.37, 0.201, 0.643, 0.23, 0.87, 0.765, 0.211, 0.665, 0.778, 0.335, 0.477, 0.668, 0.228, 0.5
0.37, 0.201, 0.643, 0.23, 0.87, 0.765, 0.211, 0.665, 0.778, 0.335, 0.477, 0.668, 0.228, 0.5
0.37, 0.201, 0.643, 0.23, 0.87, 0.765, 0.211, 0.665, 0.778, 0.335, 0.477, 0.668, 0.228, 0.5
0.37, 0.201, 0.643, 0.23, 0.87, 0.765, 0.211, 0.665, 0.778, 0.335, 0.477, 0.668, 0.228, 0.5
0.37, 0.201, 0.643, 0.23, 0.87, 0.765, 0.211, 0.665, 0.778, 0.335, 0.477, 0.668, 0.228, 0.5
0.37, 0.201, 0.643, 0.23, 0.87, 0.765, 0.211, 0.665, 0.778, 0.335, 0.477, 0.668, 0.228, 0.5
0.37, 0.201, 0.643, 0.23, 0.87, 0.765, 0.211, 0.665, 0.778, 0.335, 0.477, 0.668, 0.228, 0.5
0.37, 0.201, 0.643, 0.23, 0.87, 0.765, 0.211, 0.665, 0.778, 0.335, 0.477, 0.668, 0.228, 0.5
0.37, 0.201, 0.643, 0.23, 0.87, 0.765, 0.211, 0.665, 0.778, 0.335, 0.477, 0.668, 0.228, 0.5
0.37, 0.201, 0.643, 0.23, 0.87, 0.765, 0.211, 0.665, 0.778, 0.335, 0.477, 0.668, 0.228, 0.5
0.37, 0.201, 0.643, 0.23, 0.87, 0.765, 0.211, 0.665, 0.778, 0.335, 0.477, 0.668, 0.228, 0.5
0.37, 0.201, 0.643, 0.23, 0.87, 0.765, 0.211, 0.665, 0.778, 0.335, 0.477, 0.668, 0.228, 0.5
0.37, 0.201, 0.643, 0.23, 0.87, 0.765, 0.211, 0.665, 0.778, 0.335, 0.477, 0.668, 0.228, 0.5
0.37, 0.201, 0.643, 0.23, 0.87, 0.765, 0.211, 0.665, 0.778, 0.335, 0.477, 0.668, 0.228, 0.5
0.37, 0.201, 0.643, 0.23, 0.87, 0.765, 0.211, 0.665, 0.778, 0.335, 0.477, 0.668, 0.228, 0.5
0.37, 0.201, 0.643, 0.23, 0.87, 0.765, 0.211, 0.665, 0.778, 0.335, 0.477, 0.668, 0.228, 0.5
0.37, 0.201, 0.643, 0.23, 0.87, 0.765, 0.211, 0.665, 0.778, 0.335, 0.477, 0.668, 0.228, 0.5
0.37, 0.201, 0.643, 0.23, 0.87, 0.765, 0.211, 0.665, 0.778, 0.335, 0.477, 0.668, 0.228, 0.5
0.37, 0.201, 0.643, 0.23, 0.87, 0.765, 0.211, 0.665, 0.778, 0.335, 0.477, 0.668, 0.228, 0.5
0.37, 0.201, 0.643, 0.23, 0.87, 0.765, 0.211, 0.665, 0.778, 0.335, 0.477, 0.668, 0.228, 0.5
0.37, 0.201, 0.643, 0.23, 0.87, 0.765, 0.211, 0.665, 0.778, 0.335, 0.477, 0.668, 0.228, 0.5
0.37, 0.201, 0.643, 0.23, 0.87, 0.765, 0.211, 0.665, 0.778, 0.335, 0.477, 0.668, 0.228, 0.5
0.37, 0.201, 0.643, 0.23, 0.87, 0.765, 0.211, 0.665, 0.778, 0.335, 0.477, 0.668, 0.228, 0.5
0.37, 0.201, 0.643, 0.23, 0.87, 0.765, 0.211, 0.665, 0.778, 0.335, 0.477, 0.668, 0.228, 0.5
0.37, 0.201, 0.643, 0.23, 0.87, 0.765, 0.211, 0.665, 0.778, 0.335, 0.477, 0.668, 0.228, 0.5
0.37, 0.201, 0.643, 0.23, 0.87, 0.765, 0.211, 0.665, 0.778, 0.335, 0.477, 0.668, 0.228, 0.5
0.37, 0.201, 0.643, 0.23, 0.87, 0.765, 0.211, 0.665, 0.778, 0.335, 0.477, 0.668, 0.228, 0.5
0.37, 0.201, 0.643, 0.23, 0.87, 0.765, 0.211, 0.665, 0.778, 0.335, 0.477, 0.668, 0.228, 0.5
0.37, 0.201, 0.643, 0.23, 0.87, 0.765, 0.211, 0.665, 0.778, 0.335, 0.477, 0.668, 0.228, 0.5
0.37, 0.201, 0.643, 0.23, 0.87, 0.765, 0.211, 0.665, 0.778, 0.335, 0.477, 0.668, 0.228, 0.5
0.37, 0.201, 0.643, 0.23, 0.87, 0.765, 0.211, 0.665, 0.778, 0.335, 0.477, 0.668, 0.228, 0.5
0.37, 0.201, 0.643, 0.23, 0.87, 0.765, 0.211, 0.665, 0.778, 0.335, 0.477, 0.668, 0.228, 0.5
0.37, 0.201, 0.643, 0.23, 0.87, 0.765, 0.211, 0.665, 0.778, 0.335, 0.477, 0.668, 0.228, 0.5
0.37, 0.201, 0.643, 0.23, 0.87, 0.765, 0.211, 0.665, 0.778, 0.335, 0.477, 0.668, 0.228, 0.5
0.37, 0.201, 0.643, 0.23, 0.87, 0.765, 0.211, 0.665, 0.778, 0.335, 0.477, 0.668, 0.228, 0.5
0.37, 0.201, 0.643, 0.23, 0.87, 0.765, 0.211, 0.665, 0.778, 0.335, 0.477, 0.668, 0.228, 0.5
0.37, 0.201, 0.643, 0.23, 0.87, 0.765, 0.211, 0.665, 0.778, 0.335, 0.477, 0.668, 0.228, 0.5
0.37, 0.201, 0.643, 0.23, 0.87, 0.765, 0.211, 0.665, 0.778, 0.335, 0.477, 0.668, 0.228, 0.5
0.37, 0.201, 0.643, 0.23, 0.87, 0.765, 0.211, 0.665, 0.778, 0.335, 0.477, 0.668, 0.228, 0.5
0.37, 0.201, 0.643, 0.23, 0.87, 0.765, 0.211, 0.665, 0.778, 0.335, 0.477, 0.668, 0.228, 0.5
0.37, 0.201, 0.643, 0.23, 0.87, 0.765, 0.211, 0.665, 0.778, 0.335, 0.477, 0.668, 0.228, 0.5
0.37, 0.201, 0.643, 0.23, 0.87, 0.765, 0.211, 0.665, 0.778, 0.335, 0.477, 0.668, 0.228, 0.5
0.37, 0.201, 0.643, 0.23, 0.87, 0.765, 0.211, 0.665, 0.778, 0.335, 0.477, 0.668, 0.228, 0.5
0.37, 0.201, 0.643, 0.23, 0.87, 0.765, 0.211, 0.665, 0.778, 0.335, 0.477, 0.668, 0.228, 0.5
0.37, 0.201, 0.643, 0.23, 0.87, 0.765, 0.211, 0.665, 0.778, 0.335, 0.477, 0.668, 0.228, 0.5
0.37, 0.201, 0.643, 0.23, 0.87, 0.765, 0.211, 0.665, 0.778, 0.335, 0.477, 0.668, 0.228, 0.5
0.37, 0.201, 0.643, 0.23, 0.87, 0.765, 0.211, 0.665, 0.778, 0.335, 0.477, 0.668, 0.228, 0.5
0.37, 0.201, 0.643, 0.23, 0.87, 0.765, 0.211, 0.665, 0.778, 0.335, 0.477, 0.668, 0.228, 0.5
0.37, 0.201, 0.643, 0.23, 0.87, 0.765, 0.211, 0.665, 0.778, 0.335, 0.477, 0.668, 0.228, 0.5
0.37, 0.201, 0.643, 0.23, 0.87, 0.765, 0.211, 0.665, 0.778, 0.335, 0.477, 0.668, 0.228, 0.5
0.37, 0.201, 0.643, 0.23, 0.87, 0.765, 0.211, 0.665, 0.778, 0.335, 0.477, 0.668, 0.228, 0.5
0.37, 0.201, 0.643, 0.23, 0.87, 0.765, 0.211, 0.665, 0.778, 0.335, 0.477, 0.668, 0.228, 0.5
0.37, 0.201, 0.643, 0.23, 0.87, 0.765, 0.211, 0.665, 0.778, 0.335, 0.477, 0.668, 0.228, 0.5
0.37, 0.201, 0.643, 0.23, 0.87, 0.765, 0.211, 0.665, 0.778, 0.335, 0.477, 0.668, 0.228, 0.5
0.37, 0.201, 0.643, 0.23, 0.87, 0.765, 0.211, 0.665, 0.778, 0.335, 0.477, 0.668, 0.228, 0.5
0.37, 0.201, 0.643, 0.23, 0.87, 0.765, 0.211, 0.665, 0.778, 0.335, 0.477, 0.668, 0.228, 0.5
0.37, 0.201, 0.643, 0.23, 0.87, 0.765, 0.211, 0.665, 0.778, 0.335, 0.477, 0.668, 0.228, 0.5
0.37, 0.201, 0.643, 0.23, 0.87, 0.765, 0.211, 0.665, 0.778, 0.335, 0.477, 0.668, 0.228, 0.5
0.37, 0.201, 0.643, 0.23, 0.87, 0.765, 0.211, 0.665, 0.778, 0.335, 0.477, 0.668, 0.228, 0.5
0.37, 0.201, 0.643, 0.23, 0.87, 0.765, 0.211, 0.665, 0.778, 0.335, 0.477, 0.668, 0.228, 0.5
0.37, 0.201, 0.643, 0.23, 0.87, 0.765, 0.211, 0.665, 0.778, 0.335, 0.477, 0.668, 0.228, 0.5
0.37, 0.201, 0.643, 0.23, 0.87, 0.765, 0.211, 0.665, 0.778, 0.335, 0.477, 0.668, 0.228, 0.5
0.37, 0.201, 0.643, 0.23, 0.87, 0.765, 0.211, 0.665, 0.778, 0.335, 0.477, 0.668, 0.228, 0.5
0.37, 0.201, 0.643, 0.23, 0.87, 0.765, 0.211, 0.665, 0.778, 0.335, 0.477, 0.668, 0.228, 0.5
0.37, 0.201, 0.643, 0.23, 0.87, 0.765, 0.211, 0.665, 0.778, 0.335, 0.477, 0.668, 0.228, 0.5
0.37, 0.201, 0.643, 0.23, 0.87, 0.765, 0.211, 0.665, 0.778, 0.335, 0.477, 0.668, 0.228, 0.5
0.37, 0.201, 0.643, 0.23, 0.87, 0.765, 0.211, 0.665, 0.778, 0.335, 0.477, 0.668, 0.228, 0.5
0.37, 0.201, 0.643, 0.23, 0.87, 0.765, 0.211, 0.665, 0.778, 0.335, 0.477, 0.668, 0.228, 0.5
0.37, 0.201, 0.643, 0.23, 0.87, 0.765, 0.211, 0.665, 0.778, 0.335, 0.477, 0.668, 0.228, 0.5
0.372, 0.241, 0.648, 0.228, 0.879, 0.774, 0.221, 0.696, 0.761, 0.339, 0.471, 0.673, 0.258, 0.511
0.389, 0.253, 0.654, 0.226, 0.891, 0.773, 0.211, 0.685, 0.743, 0.38, 0.481, 0.665, 0.371, 0.511
0.385, 0.234, 0.654, 0.224, 0.857, 0.775, 0.19, 0.688, 0.752, 0.359, 0.459, 0.671, 0.283, 0.494
0.383, 0.229, 0.654, 0.225, 0.826, 0.77, 0.218, 0.663, 0.758, 0.353, 0.435, 0.672, 0.271, 0.47
0.38, 0.224, 0.654, 0.226, 0.812, 0.752, 0.204, 0.614, 0.762, 0.339, 0.417, 0.674, 0.255, 0.447
0.375, 0.219, 0.652, 0.229, 0.806, 0.739, 0.191, 0.55, 0.782, 0.337, 0.314, 0.671, 0.233, 0.415
0.37, 0.213, 0.65, 0.233, 0.799, 0.734, 0.185, 0.516, 0.785, 0.337, 0.283, 0.67, 0.232, 0.399
0.366, 0.209, 0.649, 0.235, 0.787, 0.734, 0.181, 0.477, 0.786, 0.337, 0.262, 0.67, 0.234, 0.39
0.365, 0.204, 0.648, 0.236, 0.774, 0.737, 0.18, 0.452, 0.789, 0.337, 0.248, 0.669, 0.235, 0.386
0.365, 0.2, 0.647, 0.236, 0.767, 0.738, 0.179, 0.444, 0.789, 0.336, 0.243, 0.67, 0.235, 0.386
0.365, 0.199, 0.647, 0.235, 0.769, 0.737, 0.178, 0.444, 0.788, 0.336, 0.244, 0.671, 0.232, 0.388
0.365, 0.198, 0.647, 0.234, 0.775, 0.736, 0.179, 0.457, 0.785, 0.336, 0.248, 0.672, 0.23, 0.394
0.365, 0.198, 0.647, 0.233, 0.802, 0.732, 0.179, 0.502, 0.781, 0.336, 0.266, 0.672, 0.23, 0.412
0.365, 0.2, 0.648, 0.234, 0.818, 0.724, 0.178, 0.55, 0.777, 0.337, 0.349, 0.672, 0.228, 0.436
0.364, 0.202, 0.649, 0.233, 0.856, 0.72, 0.177, 0.591, 0.773, 0.337, 0.412, 0.671, 0.225, 0.464
0.365, 0.207, 0.65, 0.23, 0.873, 0.732, 0.176, 0.645, 0.77, 0.336, 0.437, 0.671, 0.224, 0.489
0.365, 0.211, 0.651, 0.229, 0.877, 0.75, 0.195, 0.687, 0.762, 0.336, 0.449, 0.669, 0.226, 0.51
0.368, 0.213, 0.651, 0.229, 0.882, 0.754, 0.212, 0.694, 0.757, 0.339, 0.463, 0.668, 0.257, 0.515
0.372, 0.216, 0.651, 0.229, 0.884, 0.758, 0.192, 0.694, 0.753, 0.354, 0.469, 0.665, 0.314, 0.516
0.377, 0.222, 0.653, 0.229, 0.886, 0.762, 0.204, 0.69, 0.749, 0.365, 0.473, 0.663, 0.342, 0.517
0.379, 0.227, 0.653, 0.228, 0.887, 0.762, 0.205, 0.689, 0.745, 0.374, 0.475, 0.662, 0.351, 0.518
0.38, 0.228, 0.652, 0.228, 0.887, 0.762, 0.208, 0.688, 0.744, 0.376, 0.475, 0.661, 0.352, 0.517
0.381, 0.23, 0.652, 0.228, 0.888, 0.762, 0.208, 0.686, 0.744, 0.376, 0.475, 0.661, 0.351, 0.517
0.382, 0.229, 0.653, 0.228, 0.888, 0.762, 0.207, 0.687, 0.744, 0.373, 0.476, 0.662, 0.347, 0.515
0.381, 0.228, 0.652, 0.227, 0.888, 0.763, 0.206, 0.688, 0.744, 0.37, 0.475, 0.662, 0.342, 0.513
0.381, 0.226, 0.652, 0.227, 0.887, 0.764, 0.206, 0.688, 0.746, 0.365, 0.474, 0.663, 0.328, 0.511
0.379, 0.224, 0.652, 0.226, 0.883, 0.765, 0.202, 0.686, 0.749, 0.362, 0.467, 0.666, 0.307, 0.508
0.378, 0.22, 0.652, 0.226, 0.871, 0.767, 0.188, 0.668, 0.753, 0.36, 0.449, 0.669, 0.291, 0.499
0.376, 0.214, 0.652, 0.225, 0.849, 0.771, 0.204, 0.632, 0.757, 0.355, 0.435, 0.67, 0.282, 0.48
0.373, 0.209, 0.652, 0.225, 0.817, 0.772, 0.221, 0.597, 0.758, 0.347, 0.424, 0.671, 0.28, 0.462
0.37, 0.205, 0.652, 0.225, 0.805, 0.76, 0.216, 0.571, 0.76, 0.34, 0.392, 0.672, 0.276, 0.439
0.366, 0.202, 0.65, 0.226, 0.795, 0.738, 0.207, 0.543, 0.769, 0.339, 0.326, 0.671, 0.261, 0.422
0.364, 0.198, 0.648, 0.226, 0.768, 0.728, 0.196, 0.499, 0.777, 0.338, 0.291, 0.669, 0.247, 0.405
0.364, 0.198, 0.648, 0.226, 0.768, 0.728, 0.196, 0.499, 0.777, 0.338, 0.291, 0.669, 0.247, 0.405
0.364, 0.198, 0.648, 0.226, 0.768, 0.728, 0.196, 0.499, 0.777, 0.338, 0.291, 0.669, 0.247, 0.405
0.364, 0.198, 0.648, 0.226, 0.768, 0.728, 0.196, 0.499, 0.777, 0.338, 0.291, 0.669, 0.247, 0.405
0.364, 0.198, 0.648, 0.226, 0.768, 0.728, 0.196, 0.499, 0.777, 0.338, 0.291, 0.669, 0.247, 0.405
0.364, 0.198, 0.648, 0.226, 0.768, 0.728, 0.196, 0.499, 0.777, 0.338, 0.291, 0.669, 0.247, 0.405
0.364, 0.198, 0.648, 0.226, 0.768, 0.728, 0.196, 0.499, 0.777, 0.338, 0.291, 0.669, 0.247, 0.405
0.364, 0.198, 0.648, 0.226, 0.768, 0.728, 0.196, 0.499, 0.777, 0.338, 0.291, 0.669, 0.247, 0.405
0.364, 0.198, 0.648, 0.226, 0.768, 0.728, 0.196, 0.499, 0.777, 0.338, 0.291, 0.669, 0.247, 0.405
0.364, 0.198, 0.648, 0.226, 0.768, 0.728, 0.196, 0.499, 0.777, 0.338, 0.291, 0.669, 0.247, 0.405
0.364, 0.198, 0.648, 0.226, 0.768, 0.728, 0.196, 0.499, 0.777, 0.338, 0.291, 0.669, 0.247, 0.405
0.364, 0.198, 0.648, 0.226, 0.768, 0.728, 0.196, 0.499, 0.777, 0.338, 0.291, 0.669, 0.247, 0.405
0.364, 0.198, 0.648, 0.226, 0.768, 0.728, 0.196, 0.499, 0.777, 0.338, 0.291, 0.669, 0.247, 0.405
0.364, 0.198, 0.648, 0.226, 0.768, 0.728, 0.196, 0.499, 0.777, 0.338, 0.291, 0.669, 0.247, 0.405
0.364, 0.198, 0.648, 0.226, 0.768, 0.728, 0.196, 0.499, 0.777, 0.338, 0.291, 0.669, 0.247, 0.405
0.364, 0.198, 0.648, 0.226, 0.768, 0.728, 0.196, 0.499, 0.777, 0.338, 0.291, 0.669, 0.247, 0.405
0.364, 0.198, 0.648, 0.226, 0.768, 0.728, 0.196, 0.499, 0.777, 0.338, 0.291, 0.669, 0.247, 0.405
0.364, 0.198, 0.648, 0.226, 0.768, 0.728, 0.196, 0.499, 0.777, 0.338, 0.291, 0.669, 0.247, 0.405
0.364, 0.198, 0.648, 0.226, 0.768, 0.728, 0.196, 0.499, 0.777, 0.338, 0.291, 0.669, 0.247, 0.405
0.364, 0.198, 0.648, 0.226, 0.768, 0.728, 0.196, 0.499, 0.777, 0.338, 0.291, 0.669, 0.247, 0.405
0.364, 0.198, 0.648, 0.226, 0.768, 0.728, 0.196, 0.499, 0.777, 0.338, 0.291, 0.669, 0.247, 0.405
0.364, 0.198, 0.648, 0.226, 0.768, 0.728, 0.196, 0.499, 0.777, 0.338, 0.291, 0.669, 0.247, 0.405
0.364, 0.198, 0.648, 0.226, 0.768, 0.728, 0.19