0.34, 0.191, 0.645, 0.211, 0.863, 0.759, 0.195, 0.383, 0.772, 0.328, 0.177, 0.676, 0.207, 0.36
0.374, 0.244, 0.643, 0.235, 0.862, 0.754, 0.183, 0.43, 0.771, 0.34, 0.2, 0.676, 0.212, 0.423
0.374, 0.248, 0.642, 0.234, 0.87, 0.754, 0.183, 0.44, 0.772, 0.34, 0.2, 0.676, 0.212, 0.422
0.374, 0.248, 0.642, 0.234, 0.87, 0.755, 0.183, 0.439, 0.772, 0.34, 0.2, 0.676, 0.212, 0.422
0.374, 0.248, 0.642, 0.234, 0.869, 0.755, 0.183, 0.437, 0.772, 0.34, 0.199, 0.677, 0.212, 0.422
0.375, 0.248, 0.642, 0.234, 0.869, 0.755, 0.183, 0.437, 0.772, 0.34, 0.199, 0.677, 0.213, 0.423
0.375, 0.248, 0.642, 0.233, 0.869, 0.755, 0.183, 0.437, 0.772, 0.34, 0.199, 0.677, 0.213, 0.423
0.375, 0.248, 0.642, 0.234, 0.87, 0.755, 0.183, 0.438, 0.772, 0.34, 0.199, 0.676, 0.213, 0.422
0.375, 0.248, 0.642, 0.234, 0.87, 0.755, 0.183, 0.438, 0.772, 0.34, 0.199, 0.677, 0.213, 0.423
0.375, 0.248, 0.642, 0.234, 0.87, 0.755, 0.183, 0.439, 0.773, 0.34, 0.2, 0.677, 0.213, 0.423
0.374, 0.248, 0.642, 0.234, 0.87, 0.755, 0.183, 0.44, 0.772, 0.34, 0.2, 0.677, 0.213, 0.423
0.375, 0.248, 0.642, 0.234, 0.87, 0.755, 0.183, 0.44, 0.772, 0.34, 0.201, 0.677, 0.213, 0.423
0.375, 0.248, 0.642, 0.234, 0.87, 0.755, 0.183, 0.441, 0.773, 0.34, 0.201, 0.676, 0.213, 0.423
0.375, 0.248, 0.642, 0.234, 0.87, 0.755, 0.183, 0.442, 0.772, 0.34, 0.201, 0.676, 0.213, 0.423
0.375, 0.248, 0.642, 0.234, 0.871, 0.755, 0.183, 0.442, 0.772, 0.34, 0.202, 0.676, 0.213, 0.423
0.374, 0.247, 0.642, 0.234, 0.871, 0.755, 0.183, 0.443, 0.773, 0.34, 0.201, 0.676, 0.213, 0.423
0.374, 0.247, 0.642, 0.234, 0.871, 0.755, 0.183, 0.443, 0.773, 0.34, 0.201, 0.676, 0.213, 0.423
0.375, 0.247, 0.642, 0.234, 0.871, 0.755, 0.183, 0.443, 0.772, 0.34, 0.202, 0.676, 0.213, 0.423
0.374, 0.248, 0.642, 0.234, 0.871, 0.755, 0.183, 0.442, 0.772, 0.339, 0.202, 0.676, 0.213, 0.423
0.374, 0.248, 0.642, 0.234, 0.871, 0.755, 0.183, 0.443, 0.772, 0.34, 0.202, 0.676, 0.213, 0.423
0.375, 0.248, 0.642, 0.234, 0.871, 0.755, 0.183, 0.443, 0.772, 0.34, 0.201, 0.676, 0.213, 0.423
0.375, 0.247, 0.642, 0.234, 0.871, 0.755, 0.183, 0.443, 0.772, 0.339, 0.201, 0.676, 0.213, 0.423
0.374, 0.248, 0.642, 0.233, 0.871, 0.755, 0.183, 0.442, 0.773, 0.34, 0.202, 0.676, 0.213, 0.423
0.375, 0.247, 0.642, 0.234, 0.871, 0.755, 0.183, 0.442, 0.773, 0.34, 0.201, 0.676, 0.213, 0.422
0.375, 0.248, 0.642, 0.234, 0.87, 0.755, 0.183, 0.441, 0.772, 0.339, 0.201, 0.676, 0.213, 0.422
0.374, 0.248, 0.641, 0.233, 0.87, 0.756, 0.183, 0.439, 0.773, 0.34, 0.2, 0.676, 0.213, 0.422
0.374, 0.248, 0.641, 0.233, 0.869, 0.756, 0.183, 0.436, 0.773, 0.34, 0.199, 0.676, 0.213, 0.421
0.374, 0.247, 0.641, 0.233, 0.867, 0.757, 0.183, 0.425, 0.774, 0.339, 0.193, 0.676, 0.214, 0.419
0.374, 0.247, 0.641, 0.233, 0.867, 0.757, 0.183, 0.425, 0.774, 0.339, 0.193, 0.676, 0.214, 0.419
0.374, 0.247, 0.641, 0.233, 0.866, 0.757, 0.183, 0.421, 0.776, 0.34, 0.19, 0.676, 0.215, 0.418
0.374, 0.247, 0.641, 0.233, 0.865, 0.758, 0.183, 0.417, 0.777, 0.34, 0.187, 0.676, 0.215, 0.417
0.374, 0.246, 0.641, 0.233, 0.864, 0.758, 0.183, 0.412, 0.778, 0.34, 0.184, 0.676, 0.215, 0.416
0.374, 0.245, 0.64, 0.233, 0.861, 0.76, 0.184, 0.402, 0.779, 0.34, 0.181, 0.676, 0.215, 0.414
0.373, 0.244, 0.64, 0.233, 0.86, 0.76, 0.184, 0.399, 0.779, 0.34, 0.18, 0.676, 0.216, 0.413
0.373, 0.243, 0.64, 0.233, 0.86, 0.761, 0.184, 0.397, 0.779, 0.34, 0.18, 0.676, 0.216, 0.413
0.373, 0.243, 0.64, 0.233, 0.859, 0.761, 0.185, 0.394, 0.779, 0.34, 0.179, 0.677, 0.216, 0.412
0.373, 0.242, 0.64, 0.233, 0.859, 0.762, 0.185, 0.39, 0.779, 0.34, 0.177, 0.676, 0.216, 0.411
0.373, 0.242, 0.64, 0.233, 0.858, 0.763, 0.185, 0.386, 0.779, 0.34, 0.176, 0.676, 0.216, 0.41
0.373, 0.241, 0.64, 0.233, 0.856, 0.763, 0.185, 0.383, 0.78, 0.34, 0.174, 0.677, 0.216, 0.409
0.373, 0.241, 0.64, 0.233, 0.853, 0.763, 0.185, 0.379, 0.781, 0.34, 0.173, 0.676, 0.216, 0.409
0.373, 0.24, 0.64, 0.233, 0.851, 0.764, 0.185, 0.376, 0.782, 0.34, 0.172, 0.676, 0.216, 0.408
0.373, 0.24, 0.639, 0.233, 0.849, 0.764, 0.186, 0.372, 0.783, 0.34, 0.171, 0.677, 0.217, 0.407
0.373, 0.239, 0.639, 0.233, 0.848, 0.765, 0.186, 0.366, 0.783, 0.34, 0.169, 0.677, 0.217, 0.407
0.373, 0.238, 0.639, 0.233, 0.847, 0.766, 0.187, 0.36, 0.784, 0.34, 0.169, 0.678, 0.217, 0.406
0.373, 0.238, 0.639, 0.233, 0.845, 0.766, 0.187, 0.355, 0.784, 0.34, 0.168, 0.679, 0.218, 0.406
0.373, 0.237, 0.639, 0.233, 0.845, 0.767, 0.188, 0.348, 0.782, 0.34, 0.167, 0.68, 0.218, 0.406
0.373, 0.236, 0.639, 0.234, 0.844, 0.767, 0.189, 0.346, 0.782, 0.34, 0.166, 0.68, 0.218, 0.405
0.373, 0.236, 0.639, 0.234, 0.843, 0.768, 0.189, 0.344, 0.781, 0.34, 0.165, 0.68, 0.217, 0.405
0.373, 0.235, 0.639, 0.234, 0.843, 0.768, 0.189, 0.343, 0.781, 0.34, 0.165, 0.681, 0.216, 0.405
0.373, 0.235, 0.64, 0.234, 0.842, 0.768, 0.189, 0.342, 0.779, 0.34, 0.163, 0.681, 0.211, 0.404
0.374, 0.234, 0.641, 0.234, 0.843, 0.768, 0.188, 0.344, 0.776, 0.338, 0.163, 0.68, 0.206, 0.403
0.374, 0.235, 0.644, 0.234, 0.852, 0.768, 0.187, 0.375, 0.772, 0.338, 0.177, 0.676, 0.206, 0.404
0.374, 0.236, 0.646, 0.235, 0.875, 0.769, 0.191, 0.472, 0.77, 0.338, 0.209, 0.67, 0.215, 0.406
0.374, 0.238, 0.649, 0.235, 0.895, 0.766, 0.201, 0.558, 0.766, 0.338, 0.283, 0.667, 0.223, 0.411
0.374, 0.239, 0.65, 0.233, 0.944, 0.757, 0.214, 0.68, 0.756, 0.36, 0.431, 0.665, 0.257, 0.421
0.374, 0.239, 0.65, 0.233, 0.944, 0.757, 0.214, 0.68, 0.756, 0.36, 0.431, 0.666, 0.307, 0.434
0.375, 0.241, 0.65, 0.231, 0.958, 0.754, 0.193, 0.72, 0.755, 0.377, 0.461, 0.666, 0.338, 0.453
0.375, 0.254, 0.65, 0.231, 0.978, 0.752, 0.189, 0.805, 0.753, 0.396, 0.499, 0.662, 0.374, 0.504
0.375, 0.254, 0.65, 0.231, 0.978, 0.752, 0.189, 0.805, 0.753, 0.396, 0.499, 0.662, 0.374, 0.504
0.376, 0.261, 0.649, 0.23, 0.98, 0.751, 0.207, 0.819, 0.749, 0.41, 0.5, 0.66, 0.4, 0.511
0.376, 0.265, 0.649, 0.23, 0.981, 0.751, 0.214, 0.821, 0.748, 0.415, 0.5, 0.66, 0.405, 0.511
0.376, 0.271, 0.649, 0.23, 0.982, 0.751, 0.218, 0.823, 0.748, 0.419, 0.5, 0.659, 0.408, 0.512
0.376, 0.274, 0.648, 0.23, 0.982, 0.751, 0.222, 0.824, 0.747, 0.421, 0.5, 0.659, 0.409, 0.513
0.376, 0.277, 0.648, 0.23, 0.982, 0.751, 0.225, 0.824, 0.746, 0.423, 0.5, 0.659, 0.41, 0.513
0.376, 0.277, 0.648, 0.23, 0.982, 0.751, 0.225, 0.824, 0.746, 0.425, 0.5, 0.659, 0.412, 0.514
0.376, 0.279, 0.648, 0.23, 0.983, 0.751, 0.227, 0.825, 0.746, 0.426, 0.5, 0.658, 0.413, 0.514
0.376, 0.28, 0.648, 0.23, 0.983, 0.751, 0.229, 0.825, 0.745, 0.427, 0.5, 0.658, 0.414, 0.514
0.376, 0.282, 0.648, 0.23, 0.983, 0.751, 0.23, 0.825, 0.746, 0.428, 0.501, 0.658, 0.414, 0.514
0.376, 0.284, 0.647, 0.23, 0.983, 0.75, 0.231, 0.825, 0.746, 0.429, 0.502, 0.658, 0.415, 0.514
0.375, 0.286, 0.647, 0.23, 0.983, 0.75, 0.231, 0.826, 0.746, 0.428, 0.503, 0.658, 0.414, 0.514
0.375, 0.286, 0.647, 0.23, 0.983, 0.75, 0.231, 0.826, 0.746, 0.428, 0.503, 0.658, 0.414, 0.514
0.375, 0.283, 0.648, 0.23, 0.983, 0.75, 0.227, 0.827, 0.747, 0.424, 0.504, 0.658, 0.41, 0.514
0.374, 0.281, 0.648, 0.23, 0.983, 0.75, 0.222, 0.828, 0.747, 0.419, 0.505, 0.658, 0.406, 0.513
0.374, 0.277, 0.648, 0.229, 0.983, 0.752, 0.214, 0.827, 0.749, 0.411, 0.507, 0.659, 0.397, 0.511
0.374, 0.27, 0.649, 0.23, 0.982, 0.753, 0.205, 0.824, 0.75, 0.4, 0.507, 0.66, 0.381, 0.508
0.373, 0.261, 0.649, 0.23, 0.98, 0.755, 0.191, 0.811, 0.753, 0.385, 0.505, 0.664, 0.359, 0.503
0.373, 0.252, 0.649, 0.23, 0.971, 0.757, 0.19, 0.786, 0.757, 0.371, 0.496, 0.667, 0.339, 0.495
0.373, 0.245, 0.649, 0.23, 0.964, 0.758, 0.201, 0.749, 0.758, 0.357, 0.47, 0.671, 0.318, 0.477
0.374, 0.239, 0.649, 0.229, 0.957, 0.759, 0.211, 0.722, 0.759, 0.343, 0.452, 0.673, 0.29, 0.455
0.373, 0.232, 0.649, 0.229, 0.948, 0.759, 0.21, 0.697, 0.761, 0.336, 0.43, 0.676, 0.26, 0.435
0.374, 0.226, 0.648, 0.229, 0.938, 0.759, 0.203, 0.659, 0.765, 0.334, 0.384, 0.679, 0.236, 0.42
0.374, 0.22, 0.648, 0.229, 0.924, 0.761, 0.2, 0.609, 0.77, 0.333, 0.342, 0.68, 0.224, 0.413
0.373, 0.215, 0.647, 0.229, 0.907, 0.763, 0.2, 0.557, 0.774, 0.334, 0.305, 0.68, 0.217, 0.41
0.373, 0.211, 0.646, 0.229, 0.897, 0.764, 0.2, 0.488, 0.782, 0.335, 0.26, 0.68, 0.211, 0.408
0.373, 0.21, 0.646, 0.229, 0.889, 0.764, 0.201, 0.462, 0.785, 0.336, 0.245, 0.681, 0.211, 0.408
0.373, 0.209, 0.645, 0.23, 0.881, 0.765, 0.204, 0.441, 0.788, 0.337, 0.231, 0.681, 0.212, 0.408
0.373, 0.208, 0.645, 0.23, 0.875, 0.766, 0.206, 0.421, 0.791, 0.337, 0.222, 0.68, 0.214, 0.408
0.373, 0.207, 0.644, 0.231, 0.87, 0.766, 0.207, 0.405, 0.792, 0.338, 0.218, 0.678, 0.218, 0.406
0.373, 0.205, 0.643, 0.232, 0.866, 0.767, 0.208, 0.392, 0.793, 0.338, 0.214, 0.678, 0.219, 0.405
0.372, 0.205, 0.643, 0.232, 0.861, 0.767, 0.209, 0.383, 0.792, 0.339, 0.211, 0.678, 0.22, 0.405
0.372, 0.204, 0.642, 0.233, 0.858, 0.767, 0.209, 0.377, 0.792, 0.339, 0.208, 0.678, 0.221, 0.404
0.372, 0.204, 0.642, 0.233, 0.856, 0.768, 0.209, 0.372, 0.792, 0.339, 0.205, 0.679, 0.222, 0.404
0.373, 0.203, 0.642, 0.234, 0.854, 0.768, 0.21, 0.368, 0.791, 0.34, 0.202, 0.679, 0.222, 0.404
0.373, 0.203, 0.642, 0.235, 0.853, 0.768, 0.209, 0.365, 0.791, 0.34, 0.199, 0.679, 0.221, 0.404
0.373, 0.203, 0.642, 0.235, 0.852, 0.768, 0.209, 0.363, 0.79, 0.34, 0.197, 0.68, 0.22, 0.404
0.373, 0.203, 0.643, 0.235, 0.852, 0.769, 0.209, 0.361, 0.789, 0.34, 0.194, 0.68, 0.219, 0.404
0.373, 0.204, 0.644, 0.234, 0.852, 0.769, 0.209, 0.359, 0.789, 0.339, 0.191, 0.681, 0.218, 0.404
0.373, 0.205, 0.645, 0.234, 0.854, 0.769, 0.206, 0.358, 0.786, 0.338, 0.187, 0.681, 0.215, 0.403
0.374, 0.206, 0.646, 0.234, 0.869, 0.763, 0.198, 0.377, 0.779, 0.337, 0.189, 0.681, 0.212, 0.404
0.374, 0.207, 0.648, 0.233, 0.891, 0.76, 0.19, 0.457, 0.77, 0.336, 0.211, 0.679, 0.21, 0.404
0.374, 0.208, 0.65, 0.233, 0.909, 0.759, 0.186, 0.545, 0.769, 0.337, 0.259, 0.675, 0.212, 0.407
0.374, 0.21, 0.651, 0.232, 0.928, 0.757, 0.211, 0.601, 0.769, 0.337, 0.341, 0.674, 0.22, 0.419
0.375, 0.213, 0.652, 0.232, 0.95, 0.755, 0.21, 0.707, 0.76, 0.355, 0.444, 0.67, 0.292, 0.455
0.375, 0.219, 0.651, 0.231, 0.965, 0.757, 0.191, 0.762, 0.76, 0.372, 0.474, 0.668, 0.32, 0.476
0.375, 0.231, 0.651, 0.231, 0.975, 0.757, 0.188, 0.814, 0.759, 0.381, 0.492, 0.666, 0.337, 0.498
0.376, 0.242, 0.651, 0.231, 0.98, 0.757, 0.189, 0.826, 0.755, 0.389, 0.495, 0.663, 0.364, 0.506
0.376, 0.249, 0.649, 0.23, 0.98, 0.759, 0.204, 0.827, 0.752, 0.4, 0.495, 0.661, 0.386, 0.509
0.377, 0.252, 0.649, 0.23, 0.981, 0.759, 0.214, 0.828, 0.75, 0.408, 0.496, 0.66, 0.395, 0.511
0.377, 0.261, 0.648, 0.23, 0.981, 0.759, 0.219, 0.828, 0.748, 0.415, 0.496, 0.659, 0.4, 0.512
0.377, 0.266, 0.648, 0.23, 0.982, 0.759, 0.223, 0.828, 0.747, 0.42, 0.497, 0.659, 0.404, 0.513
0.377, 0.267, 0.647, 0.23, 0.982, 0.759, 0.225, 0.829, 0.746, 0.423, 0.497, 0.658, 0.405, 0.514
0.377, 0.268, 0.647, 0.23, 0.982, 0.758, 0.227, 0.829, 0.746, 0.424, 0.497, 0.658, 0.406, 0.514
0.376, 0.267, 0.647, 0.229, 0.982, 0.758, 0.228, 0.83, 0.746, 0.425, 0.498, 0.658, 0.406, 0.514
0.376, 0.267, 0.647, 0.229, 0.982, 0.758, 0.228, 0.83, 0.745, 0.426, 0.498, 0.658, 0.406, 0.515
0.376, 0.266, 0.647, 0.229, 0.982, 0.758, 0.229, 0.83, 0.745, 0.426, 0.498, 0.658, 0.407, 0.515
0.375, 0.264, 0.647, 0.229, 0.982, 0.758, 0.229, 0.83, 0.746, 0.425, 0.498, 0.658, 0.406, 0.514
0.375, 0.261, 0.648, 0.229, 0.982, 0.758, 0.227, 0.831, 0.746, 0.423, 0.499, 0.658, 0.405, 0.514
0.375, 0.257, 0.648, 0.229, 0.982, 0.759, 0.224, 0.831, 0.747, 0.417, 0.499, 0.658, 0.4, 0.512
0.375, 0.253, 0.649, 0.229, 0.98, 0.761, 0.217, 0.831, 0.748, 0.407, 0.5, 0.659, 0.388, 0.509
0.374, 0.247, 0.649, 0.229, 0.978, 0.762, 0.199, 0.83, 0.75, 0.395, 0.5, 0.66, 0.364, 0.503
0.374, 0.241, 0.65, 0.229, 0.972, 0.763, 0.193, 0.815, 0.755, 0.383, 0.492, 0.665, 0.338, 0.494
0.374, 0.236, 0.65, 0.23, 0.963, 0.762, 0.206, 0.775, 0.757, 0.368, 0.466, 0.672, 0.309, 0.478
0.374, 0.229, 0.65, 0.229, 0.953, 0.762, 0.21, 0.692, 0.759, 0.337, 0.414, 0.678, 0.241, 0.437
0.374, 0.222, 0.649, 0.229, 0.94, 0.763, 0.206, 0.637, 0.762, 0.334, 0.35, 0.68, 0.221, 0.423
0.373, 0.216, 0.649, 0.228, 0.924, 0.763, 0.205, 0.569, 0.767, 0.335, 0.304, 0.68, 0.211, 0.417
0.373, 0.211, 0.648, 0.229, 0.907, 0.763, 0.205, 0.522, 0.773, 0.335, 0.277, 0.68, 0.209, 0.414
0.373, 0.209, 0.647, 0.23, 0.897, 0.764, 0.207, 0.491, 0.779, 0.337, 0.26, 0.68, 0.211, 0.413
0.373, 0.207, 0.647, 0.231, 0.887, 0.766, 0.209, 0.463, 0.783, 0.339, 0.244, 0.68, 0.213, 0.412
0.373, 0.206, 0.646, 0.232, 0.878, 0.767, 0.21, 0.442, 0.786, 0.34, 0.233, 0.679, 0.216, 0.411
0.373, 0.205, 0.644, 0.234, 0.873, 0.767, 0.209, 0.422, 0.788, 0.341, 0.226, 0.679, 0.219, 0.411
0.373, 0.204, 0.643, 0.235, 0.868, 0.768, 0.209, 0.407, 0.789, 0.341, 0.221, 0.679, 0.222, 0.41
0.373, 0.204, 0.643, 0.235, 0.864, 0.768, 0.209, 0.396, 0.79, 0.342, 0.218, 0.678, 0.225, 0.408
0.373, 0.204, 0.643, 0.237, 0.86, 0.769, 0.209, 0.389, 0.79, 0.342, 0.214, 0.678, 0.226, 0.407
0.373, 0.204, 0.643, 0.238, 0.858, 0.769, 0.209, 0.384, 0.789, 0.342, 0.211, 0.678, 0.226, 0.406
0.373, 0.203, 0.643, 0.238, 0.855, 0.769, 0.209, 0.38, 0.788, 0.342, 0.208, 0.679, 0.226, 0.406
0.374, 0.203, 0.644, 0.238, 0.854, 0.768, 0.208, 0.373, 0.786, 0.34, 0.202, 0.68, 0.221, 0.405
0.374, 0.203, 0.644, 0.238, 0.854, 0.768, 0.208, 0.373, 0.786, 0.34, 0.202, 0.68, 0.221, 0.405
0.374, 0.203, 0.646, 0.236, 0.854, 0.768, 0.207, 0.371, 0.784, 0.339, 0.199, 0.68, 0.216, 0.405
0.374, 0.204, 0.648, 0.235, 0.861, 0.767, 0.203, 0.373, 0.778, 0.338, 0.2, 0.68, 0.211, 0.405
0.374, 0.205, 0.649, 0.234, 0.887, 0.762, 0.193, 0.419, 0.772, 0.336, 0.214, 0.677, 0.209, 0.406
0.375, 0.207, 0.651, 0.232, 0.908, 0.759, 0.209, 0.518, 0.767, 0.336, 0.248, 0.668, 0.217, 0.408
0.375, 0.207, 0.651, 0.232, 0.922, 0.758, 0.206, 0.67, 0.757, 0.356, 0.423, 0.667, 0.293, 0.438
0.375, 0.208, 0.65, 0.231, 0.939, 0.761, 0.191, 0.714, 0.759, 0.371, 0.447, 0.667, 0.32, 0.457
0.376, 0.211, 0.65, 0.231, 0.959, 0.76, 0.191, 0.771, 0.758, 0.379, 0.475, 0.666, 0.333, 0.473
0.376, 0.219, 0.65, 0.231, 0.972, 0.76, 0.189, 0.814, 0.757, 0.385, 0.493, 0.665, 0.352, 0.493
0.376, 0.228, 0.65, 0.231, 0.979, 0.76, 0.201, 0.826, 0.753, 0.393, 0.497, 0.662, 0.375, 0.502
0.376, 0.233, 0.649, 0.231, 0.981, 0.76, 0.211, 0.829, 0.75, 0.401, 0.496, 0.661, 0.387, 0.506
0.376, 0.234, 0.649, 0.231, 0.983, 0.759, 0.214, 0.831, 0.749, 0.406, 0.495, 0.661, 0.392, 0.509
0.376, 0.236, 0.648, 0.23, 0.983, 0.759, 0.216, 0.833, 0.747, 0.41, 0.494, 0.66, 0.395, 0.51
0.376, 0.237, 0.648, 0.23, 0.984, 0.759, 0.219, 0.833, 0.746, 0.415, 0.494, 0.659, 0.399, 0.512
0.376, 0.237, 0.648, 0.23, 0.984, 0.759, 0.223, 0.834, 0.745, 0.419, 0.495, 0.659, 0.402, 0.513
0.376, 0.237, 0.647, 0.23, 0.984, 0.758, 0.224, 0.835, 0.744, 0.422, 0.495, 0.658, 0.403, 0.514
0.375, 0.237, 0.648, 0.229, 0.984, 0.758, 0.225, 0.836, 0.744, 0.424, 0.495, 0.658, 0.404, 0.514
0.375, 0.234, 0.648, 0.229, 0.984, 0.758, 0.221, 0.837, 0.745, 0.418, 0.495, 0.658, 0.399, 0.511
0.375, 0.234, 0.648, 0.229, 0.984, 0.758, 0.221, 0.837, 0.745, 0.418, 0.495, 0.658, 0.399, 0.511
0.374, 0.222, 0.648, 0.229, 0.983, 0.763, 0.2, 0.838, 0.75, 0.396, 0.495, 0.66, 0.371, 0.504
0.374, 0.215, 0.649, 0.229, 0.98, 0.764, 0.182, 0.835, 0.756, 0.382, 0.489, 0.665, 0.332, 0.496
0.374, 0.208, 0.649, 0.229, 0.973, 0.764, 0.199, 0.816, 0.759, 0.361, 0.473, 0.672, 0.285, 0.482
0.374, 0.204, 0.649, 0.229, 0.964, 0.764, 0.211, 0.763, 0.76, 0.341, 0.454, 0.675, 0.247, 0.469
0.374, 0.201, 0.649, 0.229, 0.957, 0.763, 0.209, 0.719, 0.762, 0.335, 0.441, 0.677, 0.227, 0.462
0.374, 0.201, 0.649, 0.229, 0.957, 0.763, 0.209, 0.688, 0.766, 0.335, 0.406, 0.678, 0.218, 0.445
0.373, 0.199, 0.648, 0.229, 0.948, 0.76, 0.204, 0.648, 0.77, 0.335, 0.368, 0.677, 0.214, 0.432
0.371, 0.197, 0.647, 0.229, 0.94, 0.759, 0.2, 0.606, 0.774, 0.335, 0.335, 0.677, 0.214, 0.427
0.369, 0.196, 0.647, 0.229, 0.932, 0.759, 0.198, 0.569, 0.776, 0.336, 0.313, 0.676, 0.214, 0.422
0.367, 0.196, 0.646, 0.229, 0.922, 0.759, 0.197, 0.543, 0.777, 0.336, 0.297, 0.676, 0.214, 0.419
0.366, 0.195, 0.646, 0.23, 0.908, 0.76, 0.193, 0.513, 0.778, 0.337, 0.277, 0.676, 0.215, 0.415
0.365, 0.195, 0.646, 0.231, 0.904, 0.76, 0.192, 0.504, 0.779, 0.337, 0.271, 0.676, 0.215, 0.414
0.364, 0.195, 0.646, 0.231, 0.901, 0.76, 0.191, 0.493, 0.78, 0.337, 0.266, 0.676, 0.215, 0.412
0.364, 0.194, 0.646, 0.231, 0.898, 0.76, 0.19, 0.485, 0.78, 0.337, 0.259, 0.676, 0.216, 0.41
0.363, 0.193, 0.646, 0.231, 0.896, 0.759, 0.188, 0.476, 0.78, 0.337, 0.254, 0.675, 0.216, 0.408
0.363, 0.193, 0.646, 0.231, 0.895, 0.759, 0.186, 0.471, 0.78, 0.337, 0.25, 0.675, 0.216, 0.407
0.365, 0.193, 0.644, 0.231, 0.895, 0.759, 0.185, 0.468, 0.78, 0.337, 0.246, 0.675, 0.216, 0.406
0.369, 0.196, 0.64, 0.232, 0.895, 0.759, 0.184, 0.464, 0.78, 0.337, 0.242, 0.675, 0.216, 0.405
0.375, 0.198, 0.63, 0.232, 0.893, 0.758, 0.183, 0.457, 0.78, 0.337, 0.237, 0.674, 0.216, 0.404
0.379, 0.208, 0.617, 0.233, 0.891, 0.756, 0.182, 0.451, 0.782, 0.337, 0.229, 0.672, 0.216, 0.401
0.38, 0.236, 0.604, 0.233, 0.89, 0.751, 0.182, 0.445, 0.785, 0.338, 0.223, 0.671, 0.215, 0.398
0.382, 0.274, 0.584, 0.234, 0.891, 0.75, 0.183, 0.439, 0.786, 0.338, 0.219, 0.67, 0.215, 0.397
0.386, 0.336, 0.563, 0.234, 0.894, 0.75, 0.183, 0.436, 0.788, 0.338, 0.218, 0.668, 0.216, 0.396
0.391, 0.404, 0.534, 0.234, 0.9, 0.75, 0.19, 0.434, 0.79, 0.341, 0.217, 0.665, 0.218, 0.395
0.396, 0.448, 0.517, 0.234, 0.906, 0.75, 0.196, 0.427, 0.792, 0.346, 0.22, 0.663, 0.22, 0.395
0.397, 0.46, 0.509, 0.234, 0.912, 0.75, 0.196, 0.424, 0.793, 0.345, 0.22, 0.663, 0.22, 0.395
0.399, 0.464, 0.505, 0.235, 0.917, 0.75, 0.195, 0.422, 0.793, 0.345, 0.215, 0.664, 0.22, 0.394
0.4, 0.466, 0.502, 0.234, 0.925, 0.749, 0.196, 0.423, 0.793, 0.345, 0.21, 0.664, 0.22, 0.394
0.4, 0.466, 0.5, 0.234, 0.931, 0.749, 0.198, 0.424, 0.793, 0.346, 0.206, 0.664, 0.22, 0.393
0.401, 0.467, 0.499, 0.234, 0.934, 0.748, 0.199, 0.423, 0.793, 0.345, 0.204, 0.664, 0.22, 0.393
0.401, 0.467, 0.497, 0.234, 0.936, 0.748, 0.198, 0.422, 0.794, 0.344, 0.203, 0.665, 0.219, 0.393
0.401, 0.467, 0.495, 0.234, 0.937, 0.748, 0.193, 0.421, 0.795, 0.343, 0.202, 0.665, 0.218, 0.393
0.401, 0.467, 0.495, 0.235, 0.939, 0.748, 0.189, 0.421, 0.795, 0.342, 0.199, 0.667, 0.217, 0.394
0.402, 0.466, 0.493, 0.235, 0.94, 0.748, 0.186, 0.421, 0.795, 0.34, 0.197, 0.669, 0.217, 0.394
0.402, 0.466, 0.49, 0.237, 0.942, 0.748, 0.184, 0.419, 0.794, 0.338, 0.194, 0.672, 0.217, 0.396
0.402, 0.466, 0.49, 0.237, 0.942, 0.748, 0.184, 0.419, 0.794, 0.338, 0.194, 0.672, 0.217, 0.396
0.4, 0.466, 0.487, 0.238, 0.942, 0.749, 0.183, 0.416, 0.794, 0.338, 0.196, 0.675, 0.218, 0.397
0.395, 0.465, 0.484, 0.238, 0.942, 0.75, 0.18, 0.413, 0.793, 0.338, 0.198, 0.677, 0.22, 0.398
0.388, 0.452, 0.487, 0.239, 0.941, 0.751, 0.177, 0.41, 0.793, 0.338, 0.198, 0.678, 0.221, 0.399
0.382, 0.416, 0.506, 0.239, 0.941, 0.754, 0.178, 0.405, 0.794, 0.338, 0.196, 0.678, 0.223, 0.4
0.375, 0.302, 0.58, 0.239, 0.937, 0.754, 0.179, 0.395, 0.792, 0.339, 0.191, 0.675, 0.226, 0.398
0.375, 0.302, 0.58, 0.239, 0.937, 0.754, 0.179, 0.395, 0.792, 0.339, 0.191, 0.675, 0.226, 0.398
0.373, 0.268, 0.607, 0.24, 0.933, 0.754, 0.179, 0.388, 0.794, 0.339, 0.187, 0.672, 0.227, 0.387
0.371, 0.237, 0.615, 0.239, 0.926, 0.754, 0.179, 0.385, 0.795, 0.339, 0.185, 0.671, 0.228, 0.383
0.367, 0.22, 0.616, 0.239, 0.917, 0.754, 0.178, 0.381, 0.796, 0.339, 0.183, 0.671, 0.228, 0.381
0.36, 0.208, 0.617, 0.238, 0.911, 0.755, 0.179, 0.378, 0.795, 0.339, 0.181, 0.671, 0.228, 0.38
0.357, 0.201, 0.618, 0.239, 0.906, 0.756, 0.179, 0.376, 0.795, 0.339, 0.179, 0.671, 0.228, 0.38
0.355, 0.198, 0.618, 0.238, 0.903, 0.757, 0.18, 0.374, 0.795, 0.339, 0.178, 0.672, 0.228, 0.38
0.355, 0.195, 0.618, 0.238, 0.9, 0.758, 0.181, 0.373, 0.795, 0.339, 0.177, 0.673, 0.228, 0.38
0.354, 0.195, 0.619, 0.238, 0.897, 0.758, 0.182, 0.372, 0.795, 0.339, 0.177, 0.673, 0.228, 0.38
0.354, 0.194, 0.621, 0.238, 0.895, 0.758, 0.183, 0.371, 0.794, 0.339, 0.176, 0.674, 0.228, 0.38
0.354, 0.193, 0.622, 0.238, 0.894, 0.758, 0.183, 0.37, 0.794, 0.339, 0.176, 0.674, 0.227, 0.38
0.357, 0.191, 0.629, 0.238, 0.894, 0.758, 0.184, 0.37, 0.792, 0.339, 0.175, 0.674, 0.226, 0.379
0.357, 0.191, 0.629, 0.238, 0.894, 0.758, 0.184, 0.37, 0.792, 0.339, 0.175, 0.674, 0.226, 0.379
0.358, 0.19, 0.633, 0.237, 0.894, 0.758, 0.184, 0.37, 0.792, 0.339, 0.174, 0.674, 0.225, 0.379
0.361, 0.189, 0.635, 0.237, 0.894, 0.757, 0.183, 0.37, 0.791, 0.339, 0.174, 0.674, 0.224, 0.378
0.364, 0.189, 0.633, 0.237, 0.895, 0.756, 0.183, 0.371, 0.789, 0.339, 0.173, 0.675, 0.222, 0.379
0.367, 0.19, 0.625, 0.237, 0.895, 0.756, 0.183, 0.372, 0.787, 0.339, 0.173, 0.675, 0.222, 0.38
0.374, 0.197, 0.605, 0.237, 0.896, 0.755, 0.182, 0.374, 0.786, 0.339, 0.174, 0.676, 0.221, 0.381
0.38, 0.211, 0.578, 0.238, 0.897, 0.754, 0.18, 0.374, 0.786, 0.339, 0.176, 0.676, 0.22, 0.384
0.381, 0.24, 0.55, 0.24, 0.897, 0.752, 0.177, 0.375, 0.785, 0.34, 0.177, 0.676, 0.22, 0.388
0.386, 0.274, 0.526, 0.241, 0.896, 0.75, 0.176, 0.375, 0.784, 0.34, 0.178, 0.676, 0.221, 0.39
0.386, 0.274, 0.526, 0.241, 0.896, 0.75, 0.176, 0.374, 0.784, 0.339, 0.18, 0.675, 0.221, 0.391
0.392, 0.33, 0.513, 0.242, 0.897, 0.75, 0.175, 0.374, 0.785, 0.339, 0.183, 0.675, 0.22, 0.391
0.401, 0.434, 0.498, 0.241, 0.9, 0.751, 0.176, 0.372, 0.785, 0.339, 0.189, 0.676, 0.218, 0.39
0.401, 0.434, 0.498, 0.241, 0.9, 0.751, 0.176, 0.372, 0.785, 0.339, 0.189, 0.676, 0.218, 0.39
0.402, 0.453, 0.494, 0.242, 0.901, 0.75, 0.176, 0.372, 0.788, 0.339, 0.189, 0.675, 0.219, 0.389
0.403, 0.465, 0.49, 0.242, 0.902, 0.75, 0.177, 0.372, 0.791, 0.339, 0.19, 0.674, 0.221, 0.389
0.403, 0.467, 0.489, 0.242, 0.903, 0.75, 0.176, 0.374, 0.792, 0.339, 0.189, 0.674, 0.221, 0.389
0.404, 0.468, 0.489, 0.242, 0.905, 0.749, 0.176, 0.376, 0.793, 0.339, 0.188, 0.675, 0.221, 0.389
0.404, 0.469, 0.488, 0.242, 0.906, 0.749, 0.176, 0.377, 0.794, 0.339, 0.189, 0.675, 0.222, 0.389
0.403, 0.469, 0.486, 0.243, 0.906, 0.749, 0.177, 0.377, 0.794, 0.339, 0.189, 0.675, 0.222, 0.389
0.403, 0.469, 0.484, 0.243, 0.906, 0.749, 0.177, 0.377, 0.794, 0.339, 0.189, 0.676, 0.222, 0.389
0.402, 0.469, 0.481, 0.243, 0.906, 0.749, 0.177, 0.378, 0.793, 0.339, 0.188, 0.676, 0.222, 0.39
0.401, 0.47, 0.478, 0.244, 0.906, 0.748, 0.177, 0.378, 0.792, 0.339, 0.188, 0.676, 0.223, 0.391
0.395, 0.463, 0.477, 0.245, 0.906, 0.748, 0.177, 0.378, 0.791, 0.339, 0.186, 0.676, 0.224, 0.391
0.388, 0.432, 0.478, 0.245, 0.906, 0.75, 0.178, 0.376, 0.79, 0.34, 0.185, 0.677, 0.224, 0.388
0.383, 0.376, 0.488, 0.244, 0.905, 0.752, 0.179, 0.374, 0.791, 0.34, 0.183, 0.677, 0.225, 0.389
0.378, 0.331, 0.51, 0.243, 0.904, 0.753, 0.18, 0.373, 0.791, 0.34, 0.18, 0.678, 0.225, 0.392
0.376, 0.289, 0.538, 0.243, 0.903, 0.754, 0.179, 0.372, 0.791, 0.34, 0.177, 0.677, 0.225, 0.393
0.374, 0.256, 0.568, 0.243, 0.902, 0.753, 0.178, 0.37, 0.79, 0.34, 0.175, 0.675, 0.226, 0.39
0.374, 0.256, 0.568, 0.243, 0.902, 0.753, 0.178, 0.37, 0.79, 0.34, 0.171, 0.674, 0.227, 0.385
0.368, 0.218, 0.61, 0.242, 0.897, 0.753, 0.177, 0.367, 0.79, 0.339, 0.166, 0.671, 0.228, 0.379
0.368, 0.218, 0.61, 0.242, 0.897, 0.753, 0.177, 0.367, 0.79, 0.339, 0.166, 0.671, 0.228, 0.379
0.36, 0.207, 0.614, 0.241, 0.895, 0.753, 0.177, 0.365, 0.792, 0.339, 0.166, 0.67, 0.228, 0.377
0.356, 0.198, 0.62, 0.24, 0.891, 0.755, 0.178, 0.363, 0.792, 0.338, 0.164, 0.67, 0.228, 0.375
0.355, 0.197, 0.623, 0.239, 0.891, 0.755, 0.178, 0.363, 0.792, 0.338, 0.163, 0.671, 0.228, 0.375
0.355, 0.196, 0.624, 0.239, 0.89, 0.755, 0.178, 0.362, 0.792, 0.339, 0.162, 0.672, 0.228, 0.376
0.354, 0.195, 0.626, 0.239, 0.889, 0.755, 0.178, 0.362, 0.792, 0.339, 0.162, 0.672, 0.228, 0.376
0.354, 0.194, 0.626, 0.238, 0.888, 0.756, 0.178, 0.361, 0.791, 0.339, 0.161, 0.673, 0.228, 0.376
0.354, 0.193, 0.627, 0.238, 0.887, 0.757, 0.179, 0.361, 0.791, 0.339, 0.162, 0.673, 0.228, 0.377
0.354, 0.192, 0.628, 0.238, 0.887, 0.757, 0.179, 0.361, 0.791, 0.339, 0.162, 0.673, 0.228, 0.377
0.355, 0.191, 0.629, 0.238, 0.887, 0.756, 0.179, 0.361, 0.79, 0.339, 0.161, 0.673, 0.228, 0.377
0.355, 0.191, 0.63, 0.238, 0.888, 0.756, 0.179, 0.362, 0.789, 0.339, 0.161, 0.673, 0.228, 0.377
0.357, 0.19, 0.631, 0.238, 0.888, 0.755, 0.178, 0.363, 0.788, 0.339, 0.161, 0.673, 0.227, 0.377
0.362, 0.192, 0.627, 0.238, 0.888, 0.754, 0.178, 0.363, 0.788, 0.339, 0.161, 0.673, 0.227, 0.377
0.37, 0.197, 0.616, 0.239, 0.889, 0.753, 0.177, 0.364, 0.788, 0.339, 0.162, 0.674, 0.227, 0.378
0.376, 0.207, 0.601, 0.24, 0.89, 0.753, 0.177, 0.365, 0.788, 0.34, 0.164, 0.674, 0.226, 0.38
0.378, 0.234, 0.582, 0.24, 0.892, 0.752, 0.177, 0.365, 0.789, 0.34, 0.166, 0.674, 0.225, 0.381
0.383, 0.269, 0.559, 0.241, 0.892, 0.75, 0.177, 0.364, 0.788, 0.34, 0.168, 0.674, 0.222, 0.385
0.39, 0.33, 0.541, 0.241, 0.894, 0.749, 0.177, 0.365, 0.786, 0.34, 0.169, 0.674, 0.219, 0.386
0.403, 0.411, 0.522, 0.241, 0.898, 0.749, 0.176, 0.366, 0.782, 0.339, 0.169, 0.674, 0.217, 0.387
0.405, 0.458, 0.512, 0.24, 0.903, 0.749, 0.176, 0.37, 0.78, 0.339, 0.169, 0.673, 0.217, 0.387
0.405, 0.469, 0.507, 0.24, 0.907, 0.749, 0.177, 0.376, 0.782, 0.339, 0.17, 0.672, 0.217, 0.387
0.406, 0.471, 0.504, 0.24, 0.911, 0.748, 0.177, 0.379, 0.785, 0.339, 0.171, 0.672, 0.218, 0.388
0.406, 0.471, 0.502, 0.24, 0.913, 0.747, 0.177, 0.381, 0.786, 0.339, 0.171, 0.671, 0.218, 0.387
0.407, 0.472, 0.5, 0.24, 0.916, 0.746, 0.177, 0.384, 0.788, 0.339, 0.17, 0.67, 0.219, 0.387
0.407, 0.472, 0.5, 0.24, 0.918, 0.745, 0.177, 0.386, 0.789, 0.339, 0.17, 0.669, 0.219, 0.387
0.407, 0.472, 0.5, 0.24, 0.92, 0.745, 0.177, 0.389, 0.789, 0.339, 0.171, 0.669, 0.219, 0.387
0.407, 0.472, 0.499, 0.24, 0.922, 0.744, 0.177, 0.392, 0.79, 0.339, 0.171, 0.669, 0.22, 0.387
0.407, 0.472, 0.499, 0.24, 0.923, 0.745, 0.176, 0.393, 0.791, 0.339, 0.171, 0.669, 0.22, 0.388
0.406, 0.472, 0.497, 0.241, 0.924, 0.745, 0.177, 0.393, 0.791, 0.339, 0.172, 0.67, 0.22, 0.388
0.406, 0.471, 0.495, 0.241, 0.924, 0.744, 0.176, 0.392, 0.791, 0.339, 0.172, 0.671, 0.22, 0.388
0.405, 0.471, 0.492, 0.242, 0.925, 0.744, 0.176, 0.391, 0.79, 0.34, 0.172, 0.671, 0.22, 0.388
0.401, 0.473, 0.491, 0.242, 0.927, 0.743, 0.177, 0.389, 0.789, 0.34, 0.172, 0.672, 0.221, 0.388
0.394, 0.473, 0.495, 0.243, 0.928, 0.744, 0.178, 0.387, 0.788, 0.34, 0.171, 0.672, 0.221, 0.387
0.386, 0.46, 0.506, 0.243, 0.928, 0.746, 0.179, 0.385, 0.788, 0.34, 0.17, 0.673, 0.222, 0.388
0.379, 0.419, 0.523, 0.242, 0.927, 0.747, 0.178, 0.382, 0.789, 0.34, 0.167, 0.672, 0.224, 0.385
0.375, 0.356, 0.549, 0.242, 0.923, 0.748, 0.177, 0.379, 0.789, 0.34, 0.166, 0.671, 0.224, 0.382
0.374, 0.311, 0.577, 0.242, 0.919, 0.749, 0.176, 0.377, 0.789, 0.34, 0.164, 0.671, 0.225, 0.38
0.372, 0.281, 0.594, 0.242, 0.917, 0.749, 0.176, 0.376, 0.788, 0.34, 0.163, 0.669, 0.226, 0.377
0.37, 0.256, 0.603, 0.242, 0.915, 0.749, 0.176, 0.377, 0.789, 0.34, 0.163, 0.668, 0.227, 0.375
0.368, 0.229, 0.608, 0.241, 0.912, 0.749, 0.176, 0.377, 0.79, 0.34, 0.162, 0.668, 0.227, 0.374
0.366, 0.222, 0.612, 0.24, 0.909, 0.749, 0.176, 0.377, 0.79, 0.339, 0.162, 0.668, 0.226, 0.374
0.364, 0.214, 0.616, 0.24, 0.906, 0.75, 0.175, 0.377, 0.79, 0.339, 0.162, 0.668, 0.227, 0.373
0.361, 0.209, 0.619, 0.239, 0.905, 0.75, 0.175, 0.377, 0.789, 0.339, 0.161, 0.669, 0.227, 0.373
0.359, 0.206, 0.619, 0.239, 0.903, 0.75, 0.175, 0.377, 0.788, 0.339, 0.16, 0.67, 0.227, 0.373
0.359, 0.204, 0.619, 0.238, 0.902, 0.75, 0.175, 0.377, 0.788, 0.339, 0.16, 0.67, 0.226, 0.373
0.359, 0.203, 0.62, 0.238, 0.901, 0.751, 0.175, 0.378, 0.789, 0.339, 0.161, 0.669, 0.227, 0.373
0.36, 0.207, 0.621, 0.238, 0.9, 0.751, 0.175, 0.378, 0.789, 0.339, 0.161, 0.669, 0.227, 0.373
0.366, 0.237, 0.622, 0.239, 0.899, 0.75, 0.175, 0.38, 0.787, 0.339, 0.16, 0.669, 0.227, 0.373
0.368, 0.265, 0.622, 0.239, 0.899, 0.749, 0.175, 0.381, 0.787, 0.339, 0.16, 0.668, 0.227, 0.373
0.374, 0.314, 0.619, 0.24, 0.9, 0.749, 0.175, 0.381, 0.787, 0.339, 0.16, 0.668, 0.227, 0.373
0.378, 0.373, 0.614, 0.24, 0.901, 0.748, 0.176, 0.382, 0.787, 0.339, 0.161, 0.667, 0.227, 0.373
0.381, 0.431, 0.601, 0.241, 0.903, 0.747, 0.176, 0.384, 0.788, 0.339, 0.161, 0.667, 0.227, 0.373
0.381, 0.431, 0.601, 0.241, 0.903, 0.747, 0.176, 0.383, 0.789, 0.339, 0.162, 0.666, 0.227, 0.374
0.39, 0.455, 0.577, 0.241, 0.906, 0.745, 0.176, 0.383, 0.79, 0.34, 0.162, 0.665, 0.227, 0.374
0.399, 0.461, 0.555, 0.241, 0.912, 0.744, 0.176, 0.387, 0.791, 0.341, 0.163, 0.666, 0.226, 0.375
0.406, 0.464, 0.531, 0.24, 0.919, 0.744, 0.175, 0.391, 0.792, 0.341, 0.164, 0.666, 0.225, 0.377
0.408, 0.467, 0.519, 0.24, 0.925, 0.744, 0.175, 0.395, 0.792, 0.341, 0.165, 0.664, 0.224, 0.377
0.41, 0.468, 0.513, 0.24, 0.929, 0.743, 0.176, 0.397, 0.794, 0.34, 0.167, 0.663, 0.224, 0.377
0.411, 0.468, 0.509, 0.24, 0.932, 0.742, 0.176, 0.399, 0.795, 0.34, 0.166, 0.662, 0.225, 0.377
0.412, 0.469, 0.501, 0.24, 0.938, 0.741, 0.176, 0.411, 0.795, 0.34, 0.165, 0.661, 0.226, 0.377
0.412, 0.469, 0.501, 0.24, 0.938, 0.741, 0.176, 0.411, 0.795, 0.34, 0.165, 0.661, 0.226, 0.377
0.412, 0.469, 0.5, 0.24, 0.941, 0.74, 0.176, 0.418, 0.794, 0.34, 0.165, 0.661, 0.226, 0.378
0.412, 0.468, 0.495, 0.241, 0.946, 0.739, 0.176, 0.429, 0.794, 0.341, 0.166, 0.661, 0.227, 0.378
0.412, 0.467, 0.494, 0.242, 0.947, 0.738, 0.177, 0.434, 0.794, 0.341, 0.167, 0.661, 0.227, 0.379
0.411, 0.465, 0.492, 0.242, 0.949, 0.738, 0.176, 0.436, 0.794, 0.34, 0.168, 0.661, 0.228, 0.378
0.409, 0.464, 0.493, 0.243, 0.948, 0.738, 0.176, 0.437, 0.795, 0.341, 0.168, 0.662, 0.228, 0.377
0.405, 0.465, 0.5, 0.243, 0.949, 0.74, 0.177, 0.434, 0.795, 0.34, 0.167, 0.662, 0.228, 0.376
0.4, 0.467, 0.515, 0.244, 0.949, 0.741, 0.177, 0.428, 0.794, 0.34, 0.166, 0.663, 0.229, 0.376
0.39, 0.47, 0.542, 0.244, 0.948, 0.742, 0.177, 0.422, 0.792, 0.34, 0.165, 0.664, 0.229, 0.375
0.38, 0.467, 0.578, 0.244, 0.947, 0.743, 0.177, 0.417, 0.792, 0.34, 0.165, 0.665, 0.229, 0.374
0.374, 0.439, 0.605, 0.244, 0.943, 0.744, 0.177, 0.411, 0.791, 0.34, 0.164, 0.665, 0.229, 0.373
0.373, 0.369, 0.616, 0.243, 0.938, 0.745, 0.176, 0.395, 0.79, 0.339, 0.161, 0.664, 0.229, 0.37
0.373, 0.369, 0.616, 0.243, 0.938, 0.745, 0.176, 0.395, 0.79, 0.339, 0.161, 0.664, 0.229, 0.37
0.371, 0.309, 0.615, 0.243, 0.932, 0.745, 0.176, 0.39, 0.792, 0.339, 0.16, 0.664, 0.23, 0.369
0.366, 0.27, 0.608, 0.242, 0.925, 0.747, 0.176, 0.387, 0.792, 0.339, 0.16, 0.664, 0.23, 0.369
0.361, 0.236, 0.605, 0.242, 0.918, 0.747, 0.177, 0.387, 0.791, 0.339, 0.158, 0.665, 0.23, 0.369
0.357, 0.213, 0.603, 0.242, 0.912, 0.747, 0.176, 0.387, 0.789, 0.339, 0.158, 0.665, 0.23, 0.369
0.352, 0.203, 0.602, 0.241, 0.902, 0.749, 0.176, 0.384, 0.79, 0.339, 0.158, 0.665, 0.23, 0.369
0.353, 0.201, 0.605, 0.241, 0.898, 0.749, 0.176, 0.383, 0.79, 0.339, 0.158, 0.665, 0.23, 0.368
0.354, 0.204, 0.61, 0.241, 0.896, 0.75, 0.177, 0.383, 0.79, 0.339, 0.157, 0.664, 0.23, 0.368
0.359, 0.214, 0.617, 0.241, 0.895, 0.75, 0.176, 0.384, 0.789, 0.339, 0.157, 0.665, 0.23, 0.368
0.364, 0.241, 0.624, 0.241, 0.895, 0.75, 0.177, 0.384, 0.789, 0.339, 0.156, 0.665, 0.23, 0.368
0.37, 0.281, 0.626, 0.241, 0.894, 0.75, 0.177, 0.384, 0.788, 0.339, 0.156, 0.665, 0.23, 0.368
0.376, 0.352, 0.624, 0.242, 0.896, 0.749, 0.177, 0.384, 0.788, 0.339, 0.156, 0.665, 0.23, 0.369
0.381, 0.431, 0.619, 0.243, 0.899, 0.749, 0.178, 0.385, 0.789, 0.339, 0.157, 0.665, 0.23, 0.369
0.391, 0.454, 0.605, 0.243, 0.905, 0.749, 0.178, 0.387, 0.79, 0.339, 0.158, 0.666, 0.23, 0.37
0.401, 0.46, 0.582, 0.244, 0.912, 0.747, 0.176, 0.393, 0.79, 0.34, 0.16, 0.666, 0.229, 0.371
0.405, 0.463, 0.556, 0.243, 0.92, 0.746, 0.176, 0.401, 0.791, 0.34, 0.162, 0.666, 0.229, 0.372
0.408, 0.466, 0.53, 0.242, 0.927, 0.745, 0.175, 0.41, 0.793, 0.341, 0.163, 0.665, 0.229, 0.373
0.409, 0.467, 0.516, 0.242, 0.934, 0.743, 0.175, 0.425, 0.794, 0.341, 0.164, 0.665, 0.229, 0.375
0.409, 0.467, 0.516, 0.242, 0.934, 0.743, 0.175, 0.425, 0.794, 0.341, 0.164, 0.665, 0.229, 0.375
0.413, 0.468, 0.506, 0.242, 0.942, 0.743, 0.176, 0.437, 0.796, 0.341, 0.166, 0.663, 0.229, 0.375
0.413, 0.468, 0.503, 0.241, 0.945, 0.742, 0.176, 0.44, 0.795, 0.341, 0.168, 0.662, 0.229, 0.375
0.414, 0.468, 0.5, 0.242, 0.948, 0.741, 0.176, 0.444, 0.795, 0.341, 0.168, 0.662, 0.229, 0.375
0.413, 0.466, 0.5, 0.242, 0.951, 0.74, 0.176, 0.451, 0.794, 0.341, 0.168, 0.661, 0.229, 0.375
0.412, 0.465, 0.498, 0.243, 0.953, 0.74, 0.176, 0.46, 0.793, 0.341, 0.168, 0.662, 0.229, 0.376
0.41, 0.463, 0.492, 0.243, 0.954, 0.74, 0.175, 0.466, 0.792, 0.341, 0.169, 0.663, 0.229, 0.376
0.407, 0.462, 0.49, 0.243, 0.956, 0.739, 0.176, 0.468, 0.791, 0.341, 0.168, 0.664, 0.229, 0.376
0.404, 0.462, 0.492, 0.244, 0.958, 0.74, 0.176, 0.465, 0.791, 0.341, 0.168, 0.665, 0.228, 0.375
0.398, 0.464, 0.503, 0.244, 0.958, 0.741, 0.177, 0.458, 0.79, 0.341, 0.167, 0.666, 0.228, 0.375
0.387, 0.464, 0.53, 0.243, 0.958, 0.744, 0.177, 0.447, 0.789, 0.341, 0.166, 0.666, 0.228, 0.374
0.378, 0.45, 0.573, 0.242, 0.957, 0.745, 0.177, 0.436, 0.788, 0.341, 0.166, 0.667, 0.228, 0.373
0.374, 0.408, 0.623, 0.241, 0.955, 0.747, 0.176, 0.429, 0.788, 0.34, 0.165, 0.667, 0.227, 0.372
0.371, 0.361, 0.641, 0.24, 0.952, 0.747, 0.175, 0.422, 0.788, 0.34, 0.165, 0.668, 0.226, 0.372
0.37, 0.323, 0.644, 0.24, 0.945, 0.749, 0.175, 0.413, 0.789, 0.34, 0.163, 0.669, 0.226, 0.371
0.369, 0.297, 0.645, 0.239, 0.935, 0.75, 0.175, 0.404, 0.79, 0.34, 0.161, 0.67, 0.225, 0.371
0.369, 0.279, 0.644, 0.239, 0.924, 0.751, 0.175, 0.396, 0.791, 0.34, 0.158, 0.671, 0.224, 0.371
0.368, 0.261, 0.644, 0.238, 0.91, 0.753, 0.177, 0.386, 0.792, 0.34, 0.157, 0.672, 0.225, 0.37
0.367, 0.248, 0.644, 0.238, 0.899, 0.756, 0.178, 0.369, 0.794, 0.34, 0.157, 0.673, 0.224, 0.37
0.367, 0.24, 0.643, 0.238, 0.888, 0.76, 0.18, 0.36, 0.795, 0.339, 0.158, 0.674, 0.225, 0.37
0.367, 0.237, 0.643, 0.238, 0.876, 0.763, 0.183, 0.353, 0.793, 0.34, 0.157, 0.675, 0.225, 0.371
0.367, 0.236, 0.643, 0.238, 0.868, 0.765, 0.185, 0.348, 0.789, 0.34, 0.157, 0.677, 0.225, 0.374
0.367, 0.233, 0.643, 0.238, 0.863, 0.767, 0.187, 0.343, 0.786, 0.34, 0.157, 0.678, 0.225, 0.375
0.367, 0.229, 0.644, 0.237, 0.859, 0.768, 0.188, 0.34, 0.785, 0.34, 0.157, 0.678, 0.224, 0.375
0.367, 0.227, 0.645, 0.237, 0.856, 0.767, 0.188, 0.339, 0.784, 0.339, 0.156, 0.678, 0.221, 0.375
0.368, 0.226, 0.646, 0.236, 0.855, 0.766, 0.188, 0.34, 0.782, 0.339, 0.153, 0.678, 0.216, 0.375
0.368, 0.224, 0.647, 0.235, 0.855, 0.765, 0.187, 0.344, 0.777, 0.339, 0.153, 0.679, 0.212, 0.378
0.368, 0.223, 0.648, 0.235, 0.87, 0.763, 0.186, 0.396, 0.767, 0.338, 0.166, 0.678, 0.215, 0.388
0.368, 0.223, 0.648, 0.233, 0.896, 0.762, 0.188, 0.512, 0.759, 0.337, 0.198, 0.675, 0.221, 0.404
0.369, 0.223, 0.648, 0.232, 0.929, 0.764, 0.208, 0.58, 0.755, 0.337, 0.274, 0.672, 0.251, 0.43
0.369, 0.225, 0.647, 0.231, 0.958, 0.76, 0.219, 0.659, 0.758, 0.359, 0.392, 0.669, 0.3, 0.452
0.37, 0.231, 0.647, 0.231, 0.982, 0.76, 0.194, 0.719, 0.756, 0.378, 0.444, 0.669, 0.339, 0.469
0.371, 0.241, 0.647, 0.231, 0.985, 0.76, 0.195, 0.794, 0.755, 0.387, 0.487, 0.667, 0.368, 0.494
0.372, 0.251, 0.646, 0.23, 0.986, 0.763, 0.192, 0.823, 0.752, 0.397, 0.497, 0.664, 0.386, 0.516
0.372, 0.256, 0.646, 0.23, 0.986, 0.763, 0.205, 0.825, 0.749, 0.414, 0.496, 0.662, 0.395, 0.522
0.373, 0.269, 0.645, 0.23, 0.986, 0.763, 0.229, 0.827, 0.746, 0.435, 0.496, 0.66, 0.399, 0.529
0.374, 0.275, 0.644, 0.23, 0.986, 0.762, 0.231, 0.827, 0.745, 0.44, 0.496, 0.659, 0.4, 0.532
0.374, 0.275, 0.644, 0.23, 0.986, 0.762, 0.231, 0.827, 0.744, 0.443, 0.496, 0.659, 0.401, 0.534
0.374, 0.277, 0.644, 0.23, 0.986, 0.762, 0.233, 0.827, 0.743, 0.444, 0.496, 0.659, 0.401, 0.535
0.373, 0.276, 0.644, 0.23, 0.986, 0.762, 0.234, 0.827, 0.744, 0.443, 0.496, 0.659, 0.401, 0.533
0.372, 0.273, 0.644, 0.23, 0.986, 0.761, 0.232, 0.828, 0.744, 0.441, 0.496, 0.659, 0.401, 0.531
0.372, 0.268, 0.645, 0.23, 0.986, 0.76, 0.229, 0.83, 0.744, 0.436, 0.497, 0.659, 0.399, 0.528
0.372, 0.255, 0.645, 0.229, 0.986, 0.76, 0.222, 0.83, 0.747, 0.425, 0.497, 0.659, 0.396, 0.525
0.372, 0.248, 0.646, 0.229, 0.985, 0.76, 0.21, 0.83, 0.75, 0.406, 0.497, 0.661, 0.386, 0.523
0.372, 0.242, 0.647, 0.229, 0.984, 0.759, 0.188, 0.824, 0.753, 0.386, 0.493, 0.666, 0.354, 0.518
0.372, 0.236, 0.648, 0.23, 0.981, 0.76, 0.198, 0.805, 0.757, 0.36, 0.482, 0.673, 0.302, 0.506
0.372, 0.232, 0.648, 0.23, 0.977, 0.762, 0.212, 0.761, 0.758, 0.337, 0.463, 0.678, 0.26, 0.489
0.372, 0.228, 0.648, 0.229, 0.964, 0.761, 0.202, 0.703, 0.764, 0.335, 0.442, 0.68, 0.223, 0.469
0.372, 0.228, 0.648, 0.229, 0.964, 0.761, 0.202, 0.703, 0.764, 0.335, 0.442, 0.68, 0.223, 0.469
0.372, 0.227, 0.648, 0.229, 0.957, 0.76, 0.2, 0.678, 0.768, 0.335, 0.413, 0.68, 0.215, 0.458
0.372, 0.226, 0.648, 0.229, 0.938, 0.76, 0.199, 0.646, 0.771, 0.336, 0.381, 0.679, 0.213, 0.444
0.371, 0.224, 0.647, 0.23, 0.921, 0.761, 0.2, 0.577, 0.773, 0.336, 0.324, 0.678, 0.214, 0.429
0.371, 0.223, 0.647, 0.23, 0.913, 0.761, 0.2, 0.55, 0.774, 0.337, 0.302, 0.678, 0.214, 0.425
0.371, 0.222, 0.647, 0.231, 0.908, 0.761, 0.201, 0.53, 0.775, 0.337, 0.286, 0.678, 0.215, 0.421
0.372, 0.222, 0.646, 0.231, 0.905, 0.762, 0.201, 0.514, 0.776, 0.337, 0.276, 0.678, 0.215, 0.418
0.372, 0.222, 0.646, 0.232, 0.9, 0.764, 0.202, 0.499, 0.776, 0.338, 0.267, 0.678, 0.215, 0.415
0.372, 0.222, 0.646, 0.232, 0.9, 0.764, 0.202, 0.487, 0.776, 0.338, 0.259, 0.678, 0.216, 0.413
0.371, 0.222, 0.646, 0.232, 0.897, 0.765, 0.202, 0.477, 0.777, 0.338, 0.253, 0.678, 0.216, 0.412
0.371, 0.221, 0.646, 0.232, 0.895, 0.765, 0.199, 0.48, 0.776, 0.338, 0.25, 0.679, 0.214, 0.412
0.371, 0.221, 0.647, 0.232, 0.898, 0.766, 0.195, 0.509, 0.771, 0.337, 0.261, 0.678, 0.212, 0.416
0.372, 0.223, 0.649, 0.231, 0.943, 0.773, 0.202, 0.653, 0.768, 0.336, 0.397, 0.674, 0.227, 0.457
0.372, 0.223, 0.649, 0.231, 0.943, 0.773, 0.202, 0.653, 0.768, 0.336, 0.397, 0.674, 0.227, 0.457
0.372, 0.231, 0.649, 0.231, 0.968, 0.775, 0.216, 0.713, 0.767, 0.34, 0.445, 0.674, 0.266, 0.478
0.373, 0.243, 0.649, 0.231, 0.982, 0.777, 0.211, 0.782, 0.768, 0.35, 0.46, 0.672, 0.29, 0.507
0.373, 0.26, 0.648, 0.231, 0.986, 0.778, 0.204, 0.821, 0.767, 0.365, 0.474, 0.669, 0.308, 0.541
0.375, 0.28, 0.646, 0.23, 0.987, 0.779, 0.193, 0.826, 0.755, 0.393, 0.48, 0.663, 0.382, 0.546
0.376, 0.285, 0.646, 0.23, 0.987, 0.778, 0.204, 0.827, 0.751, 0.406, 0.48, 0.662, 0.393, 0.544
0.375, 0.287, 0.646, 0.23, 0.987, 0.777, 0.21, 0.828, 0.75, 0.413, 0.48, 0.661, 0.395, 0.543
0.375, 0.286, 0.646, 0.23, 0.987, 0.776, 0.21, 0.829, 0.75, 0.414, 0.48, 0.661, 0.395, 0.542
0.375, 0.283, 0.646, 0.229, 0.987, 0.776, 0.205, 0.829, 0.752, 0.409, 0.479, 0.662, 0.392, 0.541
0.374, 0.277, 0.647, 0.229, 0.986, 0.775, 0.194, 0.83, 0.755, 0.399, 0.479, 0.663, 0.382, 0.538
0.373, 0.265, 0.648, 0.229, 0.985, 0.771, 0.185, 0.83, 0.759, 0.386, 0.479, 0.666, 0.352, 0.534
0.373, 0.251, 0.649, 0.229, 0.982, 0.763, 0.188, 0.828, 0.762, 0.374, 0.477, 0.669, 0.312, 0.529
0.372, 0.239, 0.649, 0.23, 0.979, 0.752, 0.212, 0.822, 0.764, 0.354, 0.477, 0.673, 0.283, 0.528
0.372, 0.233, 0.65, 0.23, 0.973, 0.74, 0.214, 0.815, 0.764, 0.343, 0.477, 0.675, 0.266, 0.526
0.372, 0.233, 0.65, 0.23, 0.973, 0.74, 0.214, 0.809, 0.765, 0.339, 0.477, 0.675, 0.257, 0.524
0.372, 0.23, 0.65, 0.23, 0.967, 0.733, 0.213, 0.799, 0.765, 0.336, 0.477, 0.675, 0.251, 0.521
0.372, 0.227, 0.649, 0.23, 0.958, 0.73, 0.211, 0.785, 0.767, 0.335, 0.476, 0.675, 0.244, 0.517
0.373, 0.223, 0.649, 0.23, 0.923, 0.728, 0.208, 0.766, 0.769, 0.336, 0.476, 0.677, 0.236, 0.507
0.373, 0.22, 0.649, 0.23, 0.908, 0.727, 0.208, 0.759, 0.769, 0.336, 0.477, 0.677, 0.234, 0.502
0.373, 0.219, 0.649, 0.23, 0.901, 0.726, 0.208, 0.75, 0.77, 0.336, 0.475, 0.677, 0.232, 0.499
0.372, 0.218, 0.649, 0.23, 0.892, 0.726, 0.206, 0.739, 0.771, 0.336, 0.47, 0.676, 0.229, 0.495
0.372, 0.216, 0.648, 0.23, 0.886, 0.726, 0.203, 0.73, 0.771, 0.336, 0.463, 0.676, 0.226, 0.492
0.373, 0.215, 0.648, 0.23, 0.883, 0.726, 0.2, 0.725, 0.772, 0.336, 0.458, 0.675, 0.224, 0.491
0.372, 0.214, 0.648, 0.23, 0.88, 0.729, 0.198, 0.721, 0.774, 0.336, 0.454, 0.672, 0.22, 0.491
0.372, 0.213, 0.648, 0.229, 0.876, 0.734, 0.196, 0.719, 0.775, 0.336, 0.451, 0.669, 0.218, 0.49
0.372, 0.212, 0.648, 0.229, 0.872, 0.738, 0.195, 0.717, 0.775, 0.336, 0.449, 0.667, 0.218, 0.488
0.372, 0.211, 0.648, 0.229, 0.87, 0.743, 0.195, 0.713, 0.776, 0.337, 0.446, 0.665, 0.219, 0.483
0.372, 0.209, 0.647, 0.229, 0.888, 0.746, 0.194, 0.709, 0.779, 0.336, 0.439, 0.663, 0.221, 0.476
0.372, 0.208, 0.647, 0.229, 0.895, 0.743, 0.193, 0.712, 0.783, 0.336, 0.427, 0.661, 0.222, 0.468
0.372, 0.208, 0.647, 0.229, 0.901, 0.741, 0.2, 0.712, 0.793, 0.337, 0.418, 0.66, 0.223, 0.457
0.373, 0.21, 0.647, 0.229, 0.933, 0.753, 0.209, 0.705, 0.802, 0.338, 0.408, 0.662, 0.222, 0.45
0.373, 0.216, 0.647, 0.23, 0.96, 0.769, 0.219, 0.704, 0.798, 0.338, 0.403, 0.667, 0.219, 0.449
0.373, 0.22, 0.647, 0.23, 0.968, 0.775, 0.223, 0.707, 0.796, 0.336, 0.404, 0.672, 0.218, 0.45
0.374, 0.219, 0.647, 0.23, 0.971, 0.776, 0.224, 0.707, 0.796, 0.337, 0.402, 0.674, 0.218, 0.449
0.374, 0.215, 0.646, 0.229, 0.972, 0.778, 0.222, 0.708, 0.796, 0.337, 0.401, 0.674, 0.218, 0.449
0.375, 0.213, 0.646, 0.229, 0.973, 0.778, 0.22, 0.71, 0.795, 0.337, 0.401, 0.674, 0.218, 0.449
0.375, 0.212, 0.646, 0.229, 0.974, 0.778, 0.217, 0.714, 0.795, 0.338, 0.402, 0.675, 0.218, 0.449
0.376, 0.212, 0.646, 0.229, 0.974, 0.779, 0.214, 0.718, 0.794, 0.338, 0.403, 0.676, 0.218, 0.45
0.376, 0.212, 0.646, 0.229, 0.975, 0.778, 0.213, 0.721, 0.795, 0.338, 0.405, 0.676, 0.217, 0.45
0.376, 0.212, 0.646, 0.229, 0.975, 0.778, 0.214, 0.721, 0.794, 0.338, 0.404, 0.675, 0.217, 0.449
0.376, 0.212, 0.645, 0.229, 0.975, 0.776, 0.216, 0.72, 0.794, 0.337, 0.402, 0.675, 0.218, 0.448
0.376, 0.212, 0.645, 0.229, 0.975, 0.777, 0.218, 0.716, 0.794, 0.337, 0.399, 0.675, 0.218, 0.446
0.375, 0.212, 0.646, 0.229, 0.975, 0.777, 0.22, 0.71, 0.794, 0.337, 0.394, 0.674, 0.218, 0.443
0.374, 0.211, 0.646, 0.228, 0.974, 0.779, 0.223, 0.699, 0.795, 0.337, 0.384, 0.672, 0.219, 0.439
0.374, 0.209, 0.646, 0.229, 0.972, 0.781, 0.22, 0.683, 0.796, 0.338, 0.367, 0.669, 0.22, 0.435
0.374, 0.207, 0.646, 0.229, 0.97, 0.781, 0.214, 0.655, 0.796, 0.338, 0.346, 0.667, 0.221, 0.431
0.373, 0.204, 0.646, 0.23, 0.941, 0.761, 0.203, 0.568, 0.792, 0.338, 0.306, 0.663, 0.224, 0.412
0.373, 0.204, 0.646, 0.23, 0.941, 0.761, 0.203, 0.568, 0.792, 0.338, 0.306, 0.663, 0.224, 0.412
0.373, 0.203, 0.646, 0.23, 0.928, 0.753, 0.196, 0.539, 0.793, 0.339, 0.296, 0.661, 0.226, 0.406
0.373, 0.203, 0.646, 0.23, 0.914, 0.753, 0.192, 0.517, 0.795, 0.339, 0.287, 0.661, 0.227, 0.401
0.373, 0.203, 0.646, 0.231, 0.894, 0.753, 0.19, 0.486, 0.798, 0.339, 0.257, 0.659, 0.229, 0.395
0.373, 0.202, 0.646, 0.232, 0.886, 0.751, 0.19, 0.471, 0.799, 0.34, 0.243, 0.659, 0.229, 0.39
0.373, 0.202, 0.646, 0.232, 0.886, 0.751, 0.19, 0.458, 0.799, 0.34, 0.236, 0.659, 0.23, 0.386
0.373, 0.201, 0.646, 0.232, 0.882, 0.748, 0.191, 0.446, 0.8, 0.34, 0.238, 0.66, 0.23, 0.384
0.372, 0.201, 0.646, 0.232, 0.879, 0.744, 0.193, 0.439, 0.799, 0.34, 0.236, 0.66, 0.231, 0.382
0.373, 0.201, 0.646, 0.232, 0.876, 0.741, 0.195, 0.435, 0.8, 0.34, 0.235, 0.661, 0.231, 0.381
0.373, 0.201, 0.646, 0.232, 0.874, 0.738, 0.198, 0.433, 0.8, 0.34, 0.23, 0.661, 0.231, 0.38
0.373, 0.2, 0.647, 0.232, 0.871, 0.733, 0.202, 0.434, 0.799, 0.34, 0.222, 0.662, 0.231, 0.379
0.374, 0.2, 0.647, 0.232, 0.868, 0.723, 0.211, 0.463, 0.793, 0.341, 0.206, 0.665, 0.232, 0.38
0.374, 0.2, 0.647, 0.232, 0.868, 0.723, 0.211, 0.463, 0.793, 0.341, 0.206, 0.665, 0.232, 0.38
0.374, 0.201, 0.648, 0.233, 0.868, 0.717, 0.217, 0.489, 0.789, 0.343, 0.197, 0.666, 0.233, 0.381
0.375, 0.202, 0.648, 0.233, 0.867, 0.714, 0.21, 0.513, 0.782, 0.347, 0.188, 0.666, 0.234, 0.382
0.375, 0.204, 0.648, 0.233, 0.867, 0.709, 0.201, 0.548, 0.775, 0.355, 0.19, 0.667, 0.236, 0.385
0.375, 0.206, 0.648, 0.234, 0.87, 0.703, 0.204, 0.603, 0.768, 0.365, 0.213, 0.666, 0.238, 0.386
0.375, 0.208, 0.648, 0.234, 0.918, 0.673, 0.213, 0.753, 0.764, 0.381, 0.318, 0.667, 0.24, 0.393
0.375, 0.208, 0.648, 0.234, 0.935, 0.64, 0.224, 0.781, 0.76, 0.387, 0.359, 0.666, 0.24, 0.398
0.375, 0.208, 0.647, 0.235, 0.944, 0.602, 0.238, 0.79, 0.758, 0.394, 0.393, 0.665, 0.244, 0.403
0.376, 0.208, 0.647, 0.235, 0.949, 0.595, 0.246, 0.793, 0.757, 0.397, 0.407, 0.664, 0.247, 0.406
0.377, 0.207, 0.646, 0.235, 0.953, 0.588, 0.251, 0.794, 0.758, 0.399, 0.417, 0.663, 0.248, 0.408
0.377, 0.206, 0.646, 0.235, 0.956, 0.582, 0.25, 0.795, 0.757, 0.4, 0.424, 0.662, 0.249, 0.411
0.377, 0.206, 0.646, 0.235, 0.956, 0.582, 0.25, 0.795, 0.757, 0.402, 0.431, 0.661, 0.25, 0.414
0.378, 0.206, 0.646, 0.235, 0.96, 0.574, 0.247, 0.796, 0.757, 0.402, 0.434, 0.661, 0.249, 0.413
0.378, 0.206, 0.646, 0.235, 0.96, 0.574, 0.247, 0.796, 0.757, 0.402, 0.434, 0.661, 0.249, 0.413
0.377, 0.206, 0.646, 0.235, 0.96, 0.573, 0.246, 0.796, 0.757, 0.4, 0.431, 0.661, 0.246, 0.41
0.376, 0.206, 0.646, 0.235, 0.959, 0.573, 0.244, 0.796, 0.757, 0.398, 0.423, 0.661, 0.243, 0.407
0.375, 0.207, 0.646, 0.235, 0.957, 0.574, 0.24, 0.796, 0.757, 0.396, 0.403, 0.662, 0.243, 0.403
0.375, 0.207, 0.647, 0.235, 0.954, 0.578, 0.229, 0.795, 0.758, 0.391, 0.366, 0.663, 0.241, 0.398
0.373, 0.204, 0.648, 0.233, 0.939, 0.617, 0.2, 0.767, 0.77, 0.362, 0.283, 0.665, 0.236, 0.385
0.373, 0.204, 0.648, 0.233, 0.939, 0.617, 0.2, 0.767, 0.77, 0.362, 0.283, 0.665, 0.236, 0.385
0.373, 0.202, 0.647, 0.231, 0.925, 0.672, 0.208, 0.705, 0.79, 0.341, 0.25, 0.667, 0.229, 0.378
0.373, 0.201, 0.646, 0.231, 0.918, 0.684, 0.204, 0.663, 0.793, 0.339, 0.234, 0.667, 0.23, 0.375
0.373, 0.201, 0.646, 0.231, 0.912, 0.694, 0.201, 0.611, 0.795, 0.339, 0.221, 0.667, 0.23, 0.374
0.373, 0.201, 0.646, 0.231, 0.905, 0.704, 0.196, 0.559, 0.795, 0.339, 0.211, 0.667, 0.23, 0.373
0.373, 0.201, 0.646, 0.232, 0.896, 0.711, 0.194, 0.541, 0.796, 0.339, 0.205, 0.667, 0.23, 0.372
0.373, 0.201, 0.646, 0.231, 0.892, 0.718, 0.192, 0.527, 0.796, 0.339, 0.201, 0.668, 0.23, 0.372
0.373, 0.201, 0.646, 0.232, 0.889, 0.731, 0.189, 0.516, 0.796, 0.339, 0.197, 0.668, 0.23, 0.372
0.373, 0.201, 0.646, 0.232, 0.885, 0.735, 0.187, 0.505, 0.795, 0.339, 0.195, 0.668, 0.23, 0.372
0.373, 0.201, 0.646, 0.233, 0.883, 0.736, 0.187, 0.494, 0.794, 0.339, 0.195, 0.669, 0.229, 0.372
0.373, 0.201, 0.646, 0.233, 0.881, 0.734, 0.186, 0.484, 0.79, 0.34, 0.2, 0.668, 0.229, 0.371
0.373, 0.201, 0.646, 0.233, 0.88, 0.729, 0.186, 0.464, 0.783, 0.346, 0.248, 0.664, 0.225, 0.369
0.373, 0.201, 0.646, 0.233, 0.88, 0.729, 0.186, 0.464, 0.783, 0.346, 0.248, 0.664, 0.225, 0.369
0.374, 0.201, 0.646, 0.234, 0.88, 0.719, 0.187, 0.458, 0.783, 0.351, 0.3, 0.66, 0.221, 0.369
0.374, 0.2, 0.647, 0.234, 0.88, 0.709, 0.194, 0.458, 0.783, 0.361, 0.362, 0.656, 0.217, 0.369
0.374, 0.201, 0.647, 0.234, 0.881, 0.699, 0.212, 0.475, 0.781, 0.383, 0.436, 0.651, 0.223, 0.374
0.374, 0.201, 0.647, 0.234, 0.882, 0.697, 0.217, 0.483, 0.78, 0.391, 0.469, 0.65, 0.227, 0.38
0.374, 0.2, 0.647, 0.234, 0.881, 0.695, 0.22, 0.493, 0.78, 0.398, 0.483, 0.649, 0.234, 0.389
0.374, 0.2, 0.647, 0.234, 0.881, 0.693, 0.22, 0.505, 0.778, 0.403, 0.488, 0.647, 0.243, 0.396
0.374, 0.2, 0.647, 0.234, 0.881, 0.69, 0.219, 0.521, 0.776, 0.406, 0.493, 0.646, 0.253, 0.402
0.375, 0.2, 0.647, 0.234, 0.883, 0.686, 0.219, 0.536, 0.774, 0.407, 0.499, 0.645, 0.26, 0.407
0.375, 0.2, 0.647, 0.234, 0.885, 0.682, 0.219, 0.551, 0.772, 0.408, 0.504, 0.643, 0.264, 0.412
0.375, 0.199, 0.647, 0.234, 0.886, 0.678, 0.219, 0.561, 0.771, 0.409, 0.508, 0.643, 0.271, 0.415
0.375, 0.199, 0.646, 0.234, 0.888, 0.675, 0.219, 0.569, 0.769, 0.411, 0.511, 0.643, 0.278, 0.418
0.375, 0.198, 0.646, 0.234, 0.889, 0.672, 0.218, 0.577, 0.768, 0.413, 0.515, 0.643, 0.284, 0.421
0.376, 0.198, 0.646, 0.234, 0.89, 0.669, 0.219, 0.586, 0.766, 0.413, 0.517, 0.643, 0.285, 0.423
0.376, 0.198, 0.646, 0.234, 0.891, 0.661, 0.22, 0.594, 0.765, 0.413, 0.519, 0.643, 0.285, 0.424
0.376, 0.198, 0.646, 0.234, 0.891, 0.657, 0.222, 0.602, 0.763, 0.413, 0.521, 0.643, 0.285, 0.425
0.376, 0.198, 0.646, 0.234, 0.892, 0.656, 0.224, 0.606, 0.763, 0.412, 0.521, 0.643, 0.282, 0.425
0.376, 0.198, 0.646, 0.234, 0.892, 0.658, 0.222, 0.603, 0.764, 0.406, 0.516, 0.646, 0.269, 0.416
0.375, 0.199, 0.646, 0.233, 0.892, 0.662, 0.217, 0.595, 0.766, 0.401, 0.51, 0.649, 0.256, 0.408
0.375, 0.199, 0.646, 0.233, 0.892, 0.669, 0.209, 0.589, 0.77, 0.39, 0.504, 0.653, 0.238, 0.397
0.373, 0.199, 0.646, 0.233, 0.892, 0.681, 0.2, 0.582, 0.776, 0.37, 0.499, 0.66, 0.226, 0.386
0.373, 0.199, 0.646, 0.233, 0.892, 0.697, 0.192, 0.572, 0.781, 0.349, 0.496, 0.665, 0.221, 0.377
0.373, 0.199, 0.646, 0.232, 0.891, 0.712, 0.188, 0.552, 0.785, 0.341, 0.487, 0.667, 0.217, 0.372
0.372, 0.199, 0.646, 0.232, 0.89, 0.722, 0.188, 0.532, 0.789, 0.34, 0.448, 0.669, 0.22, 0.371
0.373, 0.199, 0.645, 0.232, 0.89, 0.73, 0.189, 0.522, 0.79, 0.339, 0.413, 0.671, 0.222, 0.371
0.373, 0.199, 0.645, 0.232, 0.889, 0.739, 0.194, 0.514, 0.79, 0.339, 0.347, 0.671, 0.223, 0.372
0.372, 0.199, 0.645, 0.233, 0.887, 0.748, 0.196, 0.506, 0.79, 0.338, 0.307, 0.672, 0.223, 0.373
0.372, 0.199, 0.645, 0.233, 0.885, 0.755, 0.197, 0.497, 0.793, 0.338, 0.292, 0.67, 0.222, 0.374
0.372, 0.199, 0.645, 0.234, 0.882, 0.76, 0.195, 0.491, 0.795, 0.338, 0.28, 0.667, 0.222, 0.375
0.372, 0.199, 0.645, 0.234, 0.881, 0.762, 0.191, 0.487, 0.795, 0.338, 0.273, 0.664, 0.222, 0.377
0.372, 0.2, 0.646, 0.234, 0.879, 0.764, 0.188, 0.483, 0.795, 0.338, 0.271, 0.66, 0.222, 0.383
0.373, 0.2, 0.646, 0.235, 0.88, 0.765, 0.186, 0.481, 0.794, 0.338, 0.268, 0.655, 0.223, 0.391
0.372, 0.201, 0.647, 0.236, 0.88, 0.764, 0.184, 0.48, 0.792, 0.338, 0.277, 0.652, 0.224, 0.402
0.373, 0.201, 0.648, 0.236, 0.881, 0.759, 0.179, 0.479, 0.791, 0.337, 0.306, 0.647, 0.224, 0.424
0.372, 0.202, 0.649, 0.236, 0.881, 0.754, 0.177, 0.482, 0.789, 0.337, 0.366, 0.643, 0.225, 0.441
0.372, 0.204, 0.652, 0.237, 0.88, 0.746, 0.169, 0.504, 0.784, 0.338, 0.44, 0.632, 0.231, 0.474
0.372, 0.204, 0.652, 0.237, 0.88, 0.746, 0.169, 0.528, 0.783, 0.338, 0.465, 0.623, 0.24, 0.494
0.372, 0.205, 0.653, 0.237, 0.879, 0.744, 0.167, 0.574, 0.781, 0.338, 0.495, 0.613, 0.253, 0.507
0.372, 0.205, 0.653, 0.237, 0.88, 0.738, 0.163, 0.611, 0.777, 0.339, 0.505, 0.604, 0.27, 0.513
0.372, 0.206, 0.654, 0.237, 0.881, 0.734, 0.161, 0.642, 0.774, 0.339, 0.513, 0.594, 0.289, 0.515
0.372, 0.208, 0.655, 0.238, 0.883, 0.731, 0.16, 0.669, 0.771, 0.34, 0.52, 0.583, 0.307, 0.516
0.372, 0.21, 0.655, 0.238, 0.885, 0.729, 0.163, 0.692, 0.771, 0.342, 0.522, 0.576, 0.318, 0.517
0.372, 0.215, 0.656, 0.238, 0.887, 0.725, 0.166, 0.707, 0.77, 0.344, 0.521, 0.572, 0.324, 0.518
0.372, 0.215, 0.656, 0.238, 0.888, 0.722, 0.168, 0.721, 0.768, 0.346, 0.518, 0.567, 0.331, 0.518
0.372, 0.215, 0.656, 0.238, 0.891, 0.719, 0.17, 0.725, 0.767, 0.347, 0.516, 0.566, 0.335, 0.517
0.372, 0.216, 0.656, 0.238, 0.895, 0.717, 0.174, 0.73, 0.766, 0.349, 0.515, 0.565, 0.338, 0.517
0.372, 0.217, 0.656, 0.238, 0.9, 0.717, 0.177, 0.736, 0.767, 0.35, 0.515, 0.565, 0.341, 0.517
0.372, 0.217, 0.656, 0.238, 0.898, 0.718, 0.177, 0.735, 0.767, 0.348, 0.515, 0.564, 0.34, 0.517
0.372, 0.217, 0.656, 0.238, 0.897, 0.718, 0.174, 0.733, 0.768, 0.345, 0.516, 0.563, 0.338, 0.516
0.372, 0.216, 0.656, 0.238, 0.897, 0.719, 0.173, 0.733, 0.769, 0.344, 0.516, 0.564, 0.337, 0.516
0.372, 0.215, 0.655, 0.237, 0.897, 0.723, 0.172, 0.735, 0.771, 0.343, 0.515, 0.568, 0.337, 0.516
0.372, 0.214, 0.655, 0.237, 0.895, 0.727, 0.171, 0.738, 0.772, 0.342, 0.515, 0.577, 0.336, 0.516
0.372, 0.214, 0.654, 0.237, 0.893, 0.73, 0.176, 0.739, 0.774, 0.339, 0.514, 0.587, 0.333, 0.516
0.372, 0.212, 0.653, 0.236, 0.891, 0.734, 0.177, 0.736, 0.775, 0.336, 0.514, 0.594, 0.326, 0.514
0.372, 0.209, 0.652, 0.236, 0.889, 0.739, 0.179, 0.72, 0.779, 0.336, 0.518, 0.605, 0.303, 0.513
0.372, 0.208, 0.651, 0.235, 0.888, 0.745, 0.18, 0.707, 0.781, 0.336, 0.514, 0.615, 0.28, 0.51
0.372, 0.206, 0.649, 0.234, 0.887, 0.75, 0.18, 0.687, 0.781, 0.336, 0.493, 0.637, 0.231, 0.494
0.371, 0.205, 0.646, 0.234, 0.887, 0.754, 0.179, 0.652, 0.777, 0.336, 0.464, 0.644, 0.222, 0.479
0.37, 0.203, 0.645, 0.233, 0.887, 0.758, 0.181, 0.612, 0.776, 0.337, 0.454, 0.647, 0.22, 0.472
0.369, 0.202, 0.645, 0.233, 0.887, 0.761, 0.182, 0.583, 0.775, 0.337, 0.438, 0.647, 0.219, 0.465
0.369, 0.202, 0.645, 0.233, 0.887, 0.764, 0.182, 0.561, 0.777, 0.337, 0.417, 0.648, 0.219, 0.456
0.37, 0.203, 0.645, 0.233, 0.887, 0.764, 0.182, 0.545, 0.778, 0.337, 0.39, 0.65, 0.219, 0.449
0.373, 0.206, 0.643, 0.233, 0.887, 0.764, 0.181, 0.534, 0.778, 0.337, 0.37, 0.652, 0.219, 0.443
0.375, 0.217, 0.635, 0.233, 0.887, 0.764, 0.178, 0.526, 0.778, 0.338, 0.352, 0.653, 0.219, 0.437
0.377, 0.242, 0.618, 0.234, 0.888, 0.763, 0.176, 0.521, 0.779, 0.338, 0.339, 0.654, 0.219, 0.431
0.381, 0.282, 0.596, 0.235, 0.889, 0.761, 0.175, 0.518, 0.78, 0.339, 0.327, 0.655, 0.219, 0.425
0.387, 0.354, 0.571, 0.236, 0.898, 0.759, 0.177, 0.515, 0.781, 0.339, 0.319, 0.656, 0.219, 0.422
0.392, 0.426, 0.535, 0.237, 0.904, 0.757, 0.178, 0.513, 0.781, 0.339, 0.313, 0.655, 0.219, 0.42
0.397, 0.452, 0.522, 0.239, 0.908, 0.754, 0.177, 0.51, 0.783, 0.339, 0.307, 0.656, 0.22, 0.418
0.399, 0.461, 0.517, 0.24, 0.915, 0.749, 0.174, 0.508, 0.787, 0.339, 0.302, 0.656, 0.221, 0.416
0.401, 0.465, 0.515, 0.24, 0.924, 0.748, 0.171, 0.507, 0.791, 0.339, 0.296, 0.657, 0.222, 0.415
0.404, 0.466, 0.513, 0.24, 0.932, 0.748, 0.165, 0.505, 0.794, 0.339, 0.292, 0.655, 0.222, 0.413
0.407, 0.467, 0.512, 0.24, 0.938, 0.746, 0.163, 0.506, 0.795, 0.34, 0.289, 0.654, 0.222, 0.412
0.409, 0.468, 0.511, 0.241, 0.941, 0.745, 0.164, 0.509, 0.796, 0.34, 0.284, 0.653, 0.222, 0.411
0.41, 0.468, 0.511, 0.241, 0.944, 0.744, 0.163, 0.51, 0.796, 0.34, 0.282, 0.652, 0.222, 0.41
0.409, 0.469, 0.51, 0.241, 0.945, 0.743, 0.163, 0.51, 0.796, 0.34, 0.279, 0.652, 0.222, 0.409
0.409, 0.468, 0.509, 0.241, 0.947, 0.742, 0.163, 0.51, 0.796, 0.34, 0.277, 0.653, 0.222, 0.409
0.407, 0.467, 0.507, 0.241, 0.948, 0.741, 0.163, 0.511, 0.796, 0.34, 0.275, 0.653, 0.222, 0.408
0.404, 0.466, 0.503, 0.241, 0.948, 0.741, 0.163, 0.511, 0.795, 0.34, 0.274, 0.654, 0.222, 0.407
0.397, 0.465, 0.497, 0.241, 0.948, 0.74, 0.164, 0.51, 0.795, 0.34, 0.272, 0.653, 0.222, 0.406
0.392, 0.465, 0.489, 0.242, 0.946, 0.74, 0.167, 0.503, 0.796, 0.34, 0.267, 0.654, 0.222, 0.404
0.386, 0.459, 0.496, 0.242, 0.942, 0.741, 0.172, 0.497, 0.796, 0.339, 0.263, 0.656, 0.222, 0.401
0.383, 0.433, 0.514, 0.241, 0.937, 0.744, 0.174, 0.49, 0.796, 0.339, 0.26, 0.658, 0.222, 0.398
0.38, 0.383, 0.541, 0.239, 0.929, 0.747, 0.176, 0.484, 0.795, 0.339, 0.257, 0.66, 0.222, 0.397
0.378, 0.333, 0.567, 0.238, 0.921, 0.749, 0.175, 0.479, 0.794, 0.338, 0.253, 0.662, 0.223, 0.396
0.376, 0.299, 0.6, 0.237, 0.901, 0.751, 0.175, 0.472, 0.794, 0.338, 0.251, 0.662, 0.223, 0.395
0.373, 0.274, 0.62, 0.237, 0.895, 0.753, 0.176, 0.466, 0.795, 0.338, 0.25, 0.662, 0.224, 0.392
0.371, 0.25, 0.631, 0.236, 0.888, 0.753, 0.176, 0.459, 0.796, 0.338, 0.247, 0.661, 0.225, 0.39
0.37, 0.238, 0.637, 0.236, 0.884, 0.752, 0.177, 0.454, 0.797, 0.338, 0.245, 0.661, 0.225, 0.389
0.369, 0.233, 0.641, 0.235, 0.885, 0.755, 0.179, 0.451, 0.797, 0.338, 0.243, 0.661, 0.225, 0.387
0.369, 0.231, 0.644, 0.234, 0.891, 0.762, 0.183, 0.448, 0.797, 0.338, 0.241, 0.661, 0.225, 0.386
0.369, 0.23, 0.646, 0.234, 0.903, 0.775, 0.185, 0.444, 0.797, 0.339, 0.242, 0.661, 0.224, 0.387
0.369, 0.23, 0.647, 0.234, 0.925, 0.782, 0.19, 0.441, 0.798, 0.34, 0.246, 0.662, 0.224, 0.39
0.37, 0.228, 0.647, 0.234, 0.955, 0.784, 0.2, 0.443, 0.797, 0.341, 0.246, 0.664, 0.224, 0.392
0.37, 0.228, 0.648, 0.233, 0.977, 0.797, 0.209, 0.46, 0.796, 0.341, 0.249, 0.665, 0.224, 0.395
0.371, 0.228, 0.648, 0.233, 0.982, 0.806, 0.217, 0.482, 0.797, 0.341, 0.253, 0.665, 0.224, 0.397
0.371, 0.227, 0.647, 0.232, 0.983, 0.809, 0.217, 0.491, 0.799, 0.341, 0.257, 0.665, 0.224, 0.398
0.371, 0.226, 0.647, 0.232, 0.983, 0.807, 0.213, 0.497, 0.8, 0.341, 0.259, 0.664, 0.224, 0.399
0.372, 0.224, 0.646, 0.231, 0.984, 0.806, 0.21, 0.503, 0.801, 0.341, 0.263, 0.662, 0.225, 0.402
0.372, 0.224, 0.646, 0.231, 0.984, 0.805, 0.207, 0.515, 0.801, 0.34, 0.269, 0.662, 0.225, 0.406
0.372, 0.223, 0.646, 0.231, 0.985, 0.804, 0.205, 0.532, 0.802, 0.34, 0.276, 0.662, 0.224, 0.41
0.372, 0.222, 0.646, 0.23, 0.985, 0.803, 0.205, 0.544, 0.802, 0.34, 0.278, 0.661, 0.224, 0.411
0.373, 0.222, 0.646, 0.23, 0.985, 0.804, 0.205, 0.552, 0.803, 0.34, 0.277, 0.661, 0.225, 0.411
0.373, 0.221, 0.646, 0.23, 0.985, 0.804, 0.206, 0.556, 0.803, 0.34, 0.274, 0.661, 0.226, 0.41
0.373, 0.221, 0.646, 0.23, 0.985, 0.805, 0.206, 0.559, 0.803, 0.341, 0.272, 0.661, 0.226, 0.409
0.372, 0.22, 0.646, 0.23, 0.985, 0.805, 0.206, 0.559, 0.803, 0.341, 0.269, 0.661, 0.226, 0.408
0.371, 0.217, 0.646, 0.23, 0.984, 0.815, 0.213, 0.551, 0.802, 0.341, 0.261, 0.661, 0.228, 0.399
0.371, 0.217, 0.646, 0.23, 0.984, 0.815, 0.213, 0.551, 0.802, 0.341, 0.261, 0.661, 0.228, 0.399
0.371, 0.213, 0.646, 0.23, 0.984, 0.805, 0.215, 0.538, 0.8, 0.341, 0.253, 0.66, 0.228, 0.395
0.371, 0.21, 0.646, 0.23, 0.981, 0.791, 0.203, 0.524, 0.796, 0.341, 0.244, 0.66, 0.227, 0.39
0.371, 0.208, 0.646, 0.231, 0.968, 0.769, 0.186, 0.506, 0.792, 0.34, 0.231, 0.661, 0.225, 0.385
0.371, 0.208, 0.646, 0.231, 0.968, 0.769, 0.186, 0.498, 0.792, 0.34, 0.225, 0.661, 0.225, 0.384
0.37, 0.207, 0.646, 0.231, 0.958, 0.763, 0.185, 0.487, 0.793, 0.34, 0.22, 0.661, 0.225, 0.382
0.37, 0.207, 0.647, 0.232, 0.947, 0.758, 0.185, 0.478, 0.795, 0.341, 0.216, 0.661, 0.225, 0.381
0.371, 0.207, 0.647, 0.232, 0.935, 0.756, 0.186, 0.471, 0.797, 0.34, 0.213, 0.661, 0.226, 0.38
0.37, 0.206, 0.646, 0.233, 0.92, 0.753, 0.187, 0.468, 0.798, 0.34, 0.21, 0.662, 0.226, 0.38
0.371, 0.205, 0.647, 0.233, 0.91, 0.749, 0.187, 0.469, 0.799, 0.34, 0.208, 0.662, 0.226, 0.38
0.371, 0.205, 0.647, 0.233, 0.906, 0.746, 0.188, 0.471, 0.799, 0.34, 0.207, 0.662, 0.226, 0.38
0.371, 0.205, 0.647, 0.233, 0.9, 0.735, 0.195, 0.471, 0.798, 0.339, 0.204, 0.664, 0.227, 0.38
0.371, 0.205, 0.647, 0.233, 0.9, 0.735, 0.195, 0.471, 0.798, 0.339, 0.204, 0.664, 0.227, 0.38
0.371, 0.205, 0.647, 0.234, 0.896, 0.725, 0.201, 0.479, 0.796, 0.339, 0.201, 0.666, 0.227, 0.38
0.371, 0.204, 0.647, 0.233, 0.893, 0.713, 0.206, 0.492, 0.792, 0.339, 0.2, 0.667, 0.227, 0.38
0.371, 0.204, 0.647, 0.233, 0.893, 0.701, 0.212, 0.516, 0.788, 0.339, 0.201, 0.667, 0.228, 0.381
0.371, 0.204, 0.647, 0.233, 0.892, 0.696, 0.214, 0.555, 0.785, 0.339, 0.205, 0.667, 0.228, 0.381
0.371, 0.204, 0.647, 0.234, 0.897, 0.687, 0.211, 0.719, 0.786, 0.339, 0.221, 0.666, 0.23, 0.38
0.371, 0.204, 0.647, 0.234, 0.9, 0.668, 0.212, 0.762, 0.784, 0.34, 0.237, 0.666, 0.23, 0.38
0.371, 0.204, 0.648, 0.234, 0.903, 0.635, 0.215, 0.792, 0.781, 0.342, 0.254, 0.666, 0.23, 0.38
0.371, 0.204, 0.648, 0.234, 0.904, 0.626, 0.214, 0.804, 0.778, 0.345, 0.267, 0.667, 0.23, 0.379
0.371, 0.204, 0.648, 0.234, 0.905, 0.62, 0.209, 0.809, 0.775, 0.348, 0.278, 0.666, 0.23, 0.379
0.371, 0.204, 0.647, 0.234, 0.907, 0.614, 0.207, 0.811, 0.773, 0.35, 0.293, 0.666, 0.23, 0.38
0.371, 0.204, 0.647, 0.234, 0.907, 0.614, 0.207, 0.812, 0.771, 0.352, 0.318, 0.667, 0.23, 0.383
0.372, 0.204, 0.647, 0.234, 0.911, 0.606, 0.206, 0.813, 0.77, 0.354, 0.359, 0.667, 0.23, 0.388
0.372, 0.204, 0.647, 0.234, 0.917, 0.6, 0.206, 0.813, 0.771, 0.355, 0.389, 0.669, 0.23, 0.391
0.372, 0.204, 0.647, 0.234, 0.925, 0.594, 0.206, 0.814, 0.772, 0.356, 0.406, 0.669, 0.23, 0.394
0.372, 0.203, 0.647, 0.234, 0.931, 0.591, 0.206, 0.814, 0.771, 0.356, 0.413, 0.669, 0.229, 0.395
0.371, 0.204, 0.647, 0.234, 0.935, 0.59, 0.205, 0.815, 0.772, 0.354, 0.411, 0.669, 0.229, 0.394
0.371, 0.204, 0.647, 0.234, 0.939, 0.594, 0.211, 0.813, 0.771, 0.343, 0.385, 0.667, 0.228, 0.388
0.371, 0.204, 0.647, 0.234, 0.939, 0.594, 0.211, 0.813, 0.771, 0.343, 0.385, 0.667, 0.228, 0.388
0.371, 0.203, 0.646, 0.232, 0.941, 0.622, 0.196, 0.774, 0.781, 0.339, 0.31, 0.667, 0.227, 0.379
0.37, 0.202, 0.646, 0.232, 0.936, 0.645, 0.19, 0.739, 0.786, 0.339, 0.28, 0.667, 0.226, 0.375
0.37, 0.203, 0.646, 0.232, 0.927, 0.665, 0.186, 0.715, 0.79, 0.34, 0.262, 0.667, 0.227, 0.373
0.37, 0.202, 0.646, 0.232, 0.92, 0.678, 0.184, 0.681, 0.792, 0.34, 0.253, 0.667, 0.227, 0.372
0.37, 0.202, 0.646, 0.232, 0.907, 0.69, 0.183, 0.645, 0.793, 0.341, 0.247, 0.667, 0.227, 0.372
0.37, 0.201, 0.646, 0.231, 0.902, 0.702, 0.182, 0.606, 0.793, 0.341, 0.243, 0.667, 0.226, 0.371
0.37, 0.201, 0.646, 0.232, 0.899, 0.708, 0.181, 0.562, 0.792, 0.341, 0.239, 0.667, 0.226, 0.37
0.37, 0.201, 0.646, 0.232, 0.897, 0.71, 0.181, 0.545, 0.788, 0.342, 0.247, 0.667, 0.225, 0.37
0.371, 0.201, 0.646, 0.233, 0.897, 0.704, 0.181, 0.542, 0.785, 0.344, 0.278, 0.666, 0.223, 0.37
0.371, 0.201, 0.646, 0.233, 0.897, 0.697, 0.181, 0.542, 0.782, 0.347, 0.335, 0.664, 0.221, 0.37
0.371, 0.201, 0.646, 0.233, 0.897, 0.694, 0.184, 0.544, 0.779, 0.354, 0.431, 0.661, 0.218, 0.375
0.371, 0.201, 0.647, 0.234, 0.897, 0.691, 0.188, 0.547, 0.778, 0.361, 0.472, 0.656, 0.22, 0.38
0.371, 0.2, 0.647, 0.234, 0.896, 0.688, 0.192, 0.551, 0.776, 0.367, 0.488, 0.652, 0.221, 0.388
0.372, 0.2, 0.647, 0.234, 0.896, 0.684, 0.197, 0.555, 0.775, 0.374, 0.497, 0.648, 0.221, 0.396
0.371, 0.2, 0.647, 0.234, 0.896, 0.68, 0.201, 0.559, 0.772, 0.378, 0.505, 0.646, 0.223, 0.403
0.372, 0.199, 0.647, 0.234, 0.896, 0.678, 0.204, 0.564, 0.771, 0.381, 0.511, 0.644, 0.226, 0.409
0.372, 0.199, 0.646, 0.235, 0.895, 0.676, 0.206, 0.575, 0.77, 0.384, 0.516, 0.643, 0.229, 0.417
0.372, 0.199, 0.647, 0.234, 0.896, 0.673, 0.205, 0.594, 0.767, 0.387, 0.523, 0.642, 0.233, 0.428
0.372, 0.199, 0.646, 0.234, 0.898, 0.668, 0.204, 0.616, 0.762, 0.39, 0.529, 0.641, 0.237, 0.436
0.372, 0.199, 0.646, 0.234, 0.901, 0.663, 0.201, 0.633, 0.758, 0.391, 0.535, 0.642, 0.24, 0.441
0.372, 0.199, 0.646, 0.235, 0.903, 0.661, 0.2, 0.644, 0.754, 0.392, 0.538, 0.645, 0.243, 0.441
0.372, 0.198, 0.646, 0.234, 0.904, 0.66, 0.198, 0.651, 0.752, 0.39, 0.539, 0.647, 0.242, 0.44
0.372, 0.199, 0.646, 0.234, 0.904, 0.663, 0.194, 0.652, 0.753, 0.385, 0.537, 0.649, 0.238, 0.436
0.372, 0.199, 0.646, 0.233, 0.903, 0.67, 0.189, 0.65, 0.757, 0.375, 0.534, 0.654, 0.233, 0.428
0.371, 0.199, 0.646, 0.233, 0.902, 0.683, 0.183, 0.647, 0.767, 0.351, 0.529, 0.666, 0.228, 0.414
0.37, 0.2, 0.646, 0.232, 0.898, 0.702, 0.182, 0.637, 0.777, 0.339, 0.521, 0.672, 0.227, 0.399
0.37, 0.2, 0.646, 0.232, 0.894, 0.733, 0.183, 0.616, 0.783, 0.337, 0.514, 0.669, 0.227, 0.392
0.369, 0.2, 0.646, 0.232, 0.89, 0.744, 0.183, 0.585, 0.787, 0.338, 0.496, 0.664, 0.226, 0.387
0.369, 0.2, 0.646, 0.232, 0.887, 0.748, 0.179, 0.548, 0.792, 0.338, 0.454, 0.659, 0.225, 0.385
0.369, 0.2, 0.646, 0.233, 0.885, 0.75, 0.178, 0.521, 0.795, 0.338, 0.407, 0.65, 0.224, 0.399
0.37, 0.2, 0.647, 0.233, 0.884, 0.751, 0.176, 0.517, 0.793, 0.338, 0.411, 0.642, 0.224, 0.42
0.37, 0.201, 0.647, 0.234, 0.884, 0.749, 0.175, 0.517, 0.792, 0.338, 0.427, 0.637, 0.223, 0.446
0.37, 0.202, 0.649, 0.234, 0.885, 0.744, 0.174, 0.528, 0.79, 0.338, 0.445, 0.631, 0.224, 0.466
0.37, 0.202, 0.649, 0.235, 0.885, 0.742, 0.17, 0.561, 0.789, 0.338, 0.466, 0.622, 0.225, 0.489
0.37, 0.202, 0.649, 0.235, 0.885, 0.741, 0.167, 0.603, 0.789, 0.339, 0.494, 0.615, 0.226, 0.503
0.371, 0.203, 0.65, 0.235, 0.885, 0.738, 0.163, 0.64, 0.788, 0.339, 0.507, 0.609, 0.229, 0.51
0.371, 0.203, 0.651, 0.235, 0.886, 0.733, 0.161, 0.67, 0.786, 0.339, 0.513, 0.605, 0.234, 0.51
0.371, 0.203, 0.651, 0.235, 0.886, 0.729, 0.16, 0.688, 0.784, 0.338, 0.515, 0.602, 0.24, 0.51
0.372, 0.204, 0.652, 0.236, 0.887, 0.725, 0.159, 0.703, 0.783, 0.339, 0.516, 0.6, 0.244, 0.513
0.371, 0.204, 0.651, 0.236, 0.887, 0.723, 0.158, 0.714, 0.782, 0.338, 0.515, 0.602, 0.246, 0.517
0.371, 0.204, 0.651, 0.236, 0.887, 0.722, 0.158, 0.722, 0.781, 0.338, 0.514, 0.604, 0.246, 0.52
0.371, 0.205, 0.651, 0.236, 0.887, 0.721, 0.158, 0.728, 0.781, 0.338, 0.512, 0.607, 0.246, 0.523
0.371, 0.205, 0.65, 0.236, 0.889, 0.722, 0.158, 0.734, 0.781, 0.339, 0.512, 0.611, 0.245, 0.525
0.371, 0.204, 0.65, 0.236, 0.889, 0.724, 0.159, 0.736, 0.781, 0.339, 0.512, 0.617, 0.241, 0.526
0.371, 0.204, 0.649, 0.235, 0.889, 0.729, 0.159, 0.733, 0.783, 0.339, 0.511, 0.625, 0.232, 0.527
0.37, 0.204, 0.648, 0.235, 0.888, 0.734, 0.16, 0.729, 0.783, 0.339, 0.51, 0.638, 0.222, 0.527
0.369, 0.208, 0.643, 0.234, 0.887, 0.744, 0.175, 0.713, 0.785, 0.341, 0.506, 0.665, 0.211, 0.516
0.369, 0.208, 0.643, 0.234, 0.887, 0.744, 0.175, 0.713, 0.785, 0.341, 0.506, 0.665, 0.211, 0.516
0.371, 0.211, 0.64, 0.234, 0.888, 0.745, 0.179, 0.68, 0.78, 0.342, 0.478, 0.674, 0.213, 0.497
0.373, 0.218, 0.634, 0.234, 0.887, 0.746, 0.179, 0.647, 0.777, 0.343, 0.459, 0.673, 0.216, 0.487
0.375, 0.22, 0.626, 0.235, 0.887, 0.747, 0.18, 0.609, 0.775, 0.344, 0.452, 0.673, 0.218, 0.48
0.378, 0.226, 0.616, 0.234, 0.886, 0.747, 0.179, 0.568, 0.774, 0.344, 0.436, 0.672, 0.22, 0.469
0.379, 0.239, 0.607, 0.234, 0.885, 0.747, 0.179, 0.544, 0.775, 0.344, 0.412, 0.673, 0.222, 0.459
0.383, 0.309, 0.596, 0.235, 0.885, 0.745, 0.178, 0.531, 0.777, 0.344, 0.386, 0.673, 0.221, 0.449
0.388, 0.36, 0.579, 0.235, 0.886, 0.743, 0.178, 0.522, 0.78, 0.344, 0.368, 0.673, 0.22, 0.442
0.394, 0.416, 0.559, 0.235, 0.888, 0.742, 0.176, 0.516, 0.781, 0.344, 0.352, 0.673, 0.219, 0.436
0.399, 0.444, 0.517, 0.235, 0.89, 0.741, 0.172, 0.511, 0.784, 0.344, 0.338, 0.672, 0.219, 0.43
0.401, 0.453, 0.508, 0.234, 0.894, 0.743, 0.171, 0.509, 0.788, 0.344, 0.324, 0.672, 0.22, 0.424
0.403, 0.459, 0.5, 0.234, 0.906, 0.747, 0.167, 0.508, 0.795, 0.342, 0.308, 0.672, 0.221, 0.414
0.403, 0.459, 0.5, 0.234, 0.906, 0.747, 0.167, 0.508, 0.795, 0.342, 0.308, 0.672, 0.221, 0.414
0.404, 0.461, 0.498, 0.234, 0.914, 0.749, 0.167, 0.507, 0.797, 0.342, 0.302, 0.671, 0.22, 0.412
0.404, 0.462, 0.496, 0.235, 0.92, 0.749, 0.168, 0.507, 0.797, 0.342, 0.298, 0.67, 0.22, 0.411
0.405, 0.462, 0.495, 0.235, 0.931, 0.749, 0.168, 0.507, 0.798, 0.342, 0.295, 0.67, 0.22, 0.409
0.405, 0.462, 0.493, 0.235, 0.933, 0.749, 0.169, 0.507, 0.799, 0.342, 0.292, 0.67, 0.22, 0.409
0.403, 0.461, 0.485, 0.236, 0.934, 0.75, 0.17, 0.505, 0.799, 0.342, 0.287, 0.67, 0.219, 0.407
0.402, 0.46, 0.48, 0.237, 0.934, 0.75, 0.171, 0.5, 0.799, 0.342, 0.285, 0.67, 0.22, 0.408
0.398, 0.46, 0.475, 0.237, 0.934, 0.749, 0.174, 0.493, 0.8, 0.342, 0.282, 0.67, 0.223, 0.408
0.391, 0.457, 0.477, 0.238, 0.931, 0.75, 0.175, 0.487, 0.801, 0.341, 0.28, 0.667, 0.225, 0.412
0.391, 0.457, 0.477, 0.238, 0.931, 0.75, 0.175, 0.481, 0.801, 0.341, 0.276, 0.666, 0.225, 0.411
0.385, 0.441, 0.489, 0.238, 0.928, 0.75, 0.177, 0.475, 0.8, 0.341, 0.272, 0.667, 0.225, 0.408
0.377, 0.404, 0.513, 0.238, 0.924, 0.752, 0.176, 0.471, 0.798, 0.34, 0.268, 0.667, 0.223, 0.405
0.375, 0.357, 0.552, 0.237, 0.922, 0.754, 0.174, 0.467, 0.797, 0.34, 0.265, 0.667, 0.223, 0.402
0.372, 0.295, 0.636, 0.238, 0.914, 0.752, 0.174, 0.457, 0.795, 0.34, 0.256, 0.668, 0.223, 0.399
0.371, 0.294, 0.64, 0.238, 0.91, 0.752, 0.173, 0.454, 0.795, 0.339, 0.254, 0.668, 0.223, 0.398
0.372, 0.304, 0.643, 0.238, 0.905, 0.753, 0.174, 0.453, 0.796, 0.339, 0.253, 0.667, 0.223, 0.396
0.374, 0.372, 0.643, 0.238, 0.903, 0.753, 0.173, 0.452, 0.797, 0.339, 0.251, 0.665, 0.222, 0.394
0.379, 0.441, 0.633, 0.238, 0.902, 0.752, 0.174, 0.452, 0.798, 0.339, 0.251, 0.663, 0.222, 0.392
0.389, 0.46, 0.601, 0.24, 0.903, 0.752, 0.175, 0.452, 0.799, 0.339, 0.25, 0.661, 0.222, 0.391
0.397, 0.462, 0.562, 0.24, 0.908, 0.751, 0.176, 0.452, 0.8, 0.339, 0.25, 0.66, 0.223, 0.393
0.402, 0.462, 0.535, 0.24, 0.923, 0.75, 0.176, 0.453, 0.801, 0.34, 0.251, 0.658, 0.223, 0.394
0.405, 0.464, 0.52, 0.24, 0.933, 0.749, 0.174, 0.458, 0.801, 0.34, 0.252, 0.658, 0.222, 0.396
0.407, 0.465, 0.512, 0.24, 0.939, 0.747, 0.172, 0.465, 0.801, 0.341, 0.253, 0.658, 0.221, 0.398
0.406, 0.465, 0.506, 0.24, 0.942, 0.745, 0.171, 0.474, 0.8, 0.341, 0.253, 0.658, 0.221, 0.398
0.404, 0.463, 0.499, 0.24, 0.943, 0.746, 0.171, 0.481, 0.8, 0.341, 0.25, 0.659, 0.221, 0.398
0.4, 0.461, 0.494, 0.24, 0.943, 0.748, 0.174, 0.482, 0.8, 0.34, 0.249, 0.661, 0.22, 0.397
0.395, 0.46, 0.496, 0.239, 0.941, 0.751, 0.176, 0.478, 0.798, 0.34, 0.243, 0.669, 0.218, 0.397
0.387, 0.459, 0.509, 0.238, 0.939, 0.754, 0.176, 0.471, 0.797, 0.34, 0.239, 0.672, 0.218, 0.397
0.379, 0.457, 0.535, 0.238, 0.938, 0.755, 0.175, 0.464, 0.795, 0.34, 0.236, 0.674, 0.217, 0.398
0.374, 0.44, 0.589, 0.237, 0.935, 0.756, 0.174, 0.458, 0.795, 0.34, 0.233, 0.675, 0.217, 0.398
0.371, 0.404, 0.639, 0.238, 0.928, 0.756, 0.174, 0.451, 0.795, 0.34, 0.229, 0.674, 0.217, 0.398
0.37, 0.326, 0.646, 0.237, 0.917, 0.756, 0.177, 0.445, 0.796, 0.339, 0.226, 0.675, 0.218, 0.398
0.369, 0.298, 0.647, 0.236, 0.908, 0.756, 0.18, 0.44, 0.796, 0.339, 0.223, 0.675, 0.219, 0.397
0.369, 0.279, 0.647, 0.236, 0.902, 0.756, 0.182, 0.437, 0.796, 0.339, 0.222, 0.676, 0.219, 0.399
0.369, 0.263, 0.648, 0.235, 0.898, 0.757, 0.182, 0.445, 0.794, 0.339, 0.227, 0.676, 0.218, 0.406
0.369, 0.255, 0.648, 0.235, 0.899, 0.756, 0.182, 0.485, 0.788, 0.339, 0.25, 0.677, 0.217, 0.427
0.369, 0.249, 0.649, 0.236, 0.914, 0.753, 0.18, 0.555, 0.781, 0.338, 0.33, 0.677, 0.214, 0.454
0.37, 0.244, 0.649, 0.236, 0.951, 0.746, 0.179, 0.643, 0.771, 0.337, 0.404, 0.678, 0.213, 0.485
0.37, 0.242, 0.649, 0.236, 0.968, 0.74, 0.178, 0.715, 0.769, 0.336, 0.449, 0.678, 0.212, 0.524
0.37, 0.241, 0.65, 0.235, 0.982, 0.732, 0.178, 0.789, 0.768, 0.336, 0.448, 0.676, 0.219, 0.556
0.371, 0.243, 0.651, 0.235, 0.987, 0.719, 0.19, 0.828, 0.767, 0.337, 0.466, 0.67, 0.253, 0.565
0.371, 0.247, 0.651, 0.235, 0.99, 0.704, 0.223, 0.835, 0.764, 0.342, 0.473, 0.667, 0.277, 0.564
0.371, 0.249, 0.651, 0.235, 0.99, 0.702, 0.207, 0.839, 0.762, 0.368, 0.475, 0.664, 0.311, 0.56
0.371, 0.249, 0.651, 0.234, 0.99, 0.703, 0.192, 0.842, 0.761, 0.378, 0.474, 0.663, 0.328, 0.556
0.371, 0.25, 0.651, 0.234, 0.99, 0.705, 0.204, 0.843, 0.76, 0.383, 0.473, 0.663, 0.335, 0.554
0.371, 0.251, 0.651, 0.234, 0.991, 0.71, 0.205, 0.843, 0.759, 0.386, 0.472, 0.665, 0.34, 0.553
0.371, 0.251, 0.651, 0.234, 0.991, 0.716, 0.2, 0.843, 0.76, 0.384, 0.472, 0.666, 0.336, 0.554
0.371, 0.25, 0.651, 0.233, 0.991, 0.721, 0.195, 0.842, 0.762, 0.377, 0.471, 0.668, 0.323, 0.555
0.371, 0.248, 0.651, 0.233, 0.991, 0.727, 0.215, 0.84, 0.766, 0.354, 0.468, 0.672, 0.285, 0.555
0.371, 0.244, 0.651, 0.232, 0.99, 0.733, 0.218, 0.836, 0.769, 0.335, 0.459, 0.676, 0.254, 0.548
0.371, 0.238, 0.65, 0.232, 0.99, 0.738, 0.198, 0.821, 0.77, 0.336, 0.448, 0.678, 0.227, 0.537
0.371, 0.237, 0.65, 0.231, 0.987, 0.744, 0.187, 0.788, 0.771, 0.336, 0.44, 0.678, 0.214, 0.522
0.371, 0.235, 0.65, 0.23, 0.983, 0.75, 0.185, 0.75, 0.771, 0.337, 0.436, 0.678, 0.213, 0.508
0.371, 0.233, 0.649, 0.23, 0.978, 0.752, 0.185, 0.723, 0.77, 0.337, 0.433, 0.679, 0.213, 0.498
0.371, 0.23, 0.649, 0.23, 0.973, 0.753, 0.187, 0.699, 0.769, 0.338, 0.415, 0.679, 0.213, 0.487
0.371, 0.227, 0.648, 0.23, 0.965, 0.756, 0.189, 0.671, 0.77, 0.338, 0.384, 0.678, 0.214, 0.47
0.371, 0.225, 0.648, 0.23, 0.954, 0.758, 0.19, 0.632, 0.773, 0.339, 0.351, 0.676, 0.215, 0.456
0.371, 0.222, 0.648, 0.23, 0.942, 0.761, 0.19, 0.584, 0.776, 0.339, 0.32, 0.675, 0.217, 0.447
0.371, 0.221, 0.647, 0.23, 0.913, 0.764, 0.191, 0.552, 0.781, 0.339, 0.3, 0.675, 0.218, 0.44
0.371, 0.218, 0.647, 0.23, 0.901, 0.768, 0.194, 0.514, 0.782, 0.339, 0.282, 0.675, 0.219, 0.434
0.371, 0.218, 0.647, 0.23, 0.901, 0.768, 0.194, 0.514, 0.782, 0.339, 0.282, 0.675, 0.219, 0.434
0.371, 0.217, 0.648, 0.231, 0.9, 0.766, 0.192, 0.512, 0.781, 0.339, 0.278, 0.677, 0.215, 0.433
0.371, 0.216, 0.649, 0.23, 0.914, 0.764, 0.189, 0.531, 0.776, 0.338, 0.282, 0.678, 0.213, 0.438
0.372, 0.216, 0.65, 0.231, 0.953, 0.765, 0.184, 0.597, 0.772, 0.338, 0.338, 0.678, 0.21, 0.461
0.372, 0.218, 0.65, 0.232, 0.975, 0.764, 0.182, 0.742, 0.774, 0.335, 0.428, 0.673, 0.208, 0.551
0.373, 0.226, 0.651, 0.233, 0.986, 0.76, 0.188, 0.803, 0.772, 0.336, 0.448, 0.668, 0.21, 0.581
0.373, 0.239, 0.65, 0.233, 0.991, 0.76, 0.215, 0.824, 0.77, 0.337, 0.469, 0.665, 0.244, 0.584
0.374, 0.251, 0.649, 0.233, 0.992, 0.762, 0.219, 0.827, 0.766, 0.341, 0.473, 0.664, 0.267, 0.583
0.375, 0.261, 0.649, 0.232, 0.992, 0.763, 0.194, 0.828, 0.763, 0.36, 0.473, 0.662, 0.285, 0.578
0.376, 0.281, 0.648, 0.232, 0.992, 0.765, 0.183, 0.83, 0.76, 0.371, 0.472, 0.661, 0.306, 0.574
0.376, 0.286, 0.647, 0.231, 0.992, 0.767, 0.18, 0.83, 0.759, 0.376, 0.472, 0.661, 0.318, 0.572
0.375, 0.281, 0.647, 0.231, 0.992, 0.767, 0.184, 0.831, 0.76, 0.369, 0.471, 0.663, 0.312, 0.572
0.375, 0.281, 0.647, 0.231, 0.992, 0.767, 0.184, 0.831, 0.76, 0.369, 0.471, 0.663, 0.287, 0.574
0.374, 0.268, 0.648, 0.231, 0.992, 0.763, 0.207, 0.831, 0.763, 0.342, 0.467, 0.668, 0.257, 0.572
0.373, 0.247, 0.648, 0.23, 0.991, 0.756, 0.212, 0.83, 0.766, 0.337, 0.46, 0.672, 0.22, 0.565
0.373, 0.237, 0.648, 0.23, 0.99, 0.75, 0.191, 0.825, 0.766, 0.336, 0.448, 0.674, 0.211, 0.554
0.373, 0.23, 0.649, 0.229, 0.989, 0.748, 0.188, 0.805, 0.767, 0.337, 0.438, 0.676, 0.212, 0.543
0.373, 0.221, 0.649, 0.23, 0.978, 0.748, 0.187, 0.737, 0.769, 0.338, 0.431, 0.676, 0.211, 0.521
0.373, 0.221, 0.649, 0.23, 0.978, 0.748, 0.187, 0.737, 0.769, 0.338, 0.431, 0.676, 0.211, 0.521
0.372, 0.214, 0.647, 0.23, 0.965, 0.753, 0.189, 0.693, 0.769, 0.339, 0.4, 0.677, 0.214, 0.488
0.372, 0.21, 0.647, 0.231, 0.952, 0.755, 0.19, 0.659, 0.77, 0.339, 0.365, 0.676, 0.216, 0.467
0.372, 0.208, 0.647, 0.231, 0.935, 0.757, 0.189, 0.606, 0.774, 0.339, 0.326, 0.674, 0.219, 0.451
0.372, 0.206, 0.647, 0.231, 0.918, 0.76, 0.188, 0.558, 0.78, 0.338, 0.301, 0.672, 0.221, 0.445
0.372, 0.205, 0.646, 0.231, 0.906, 0.761, 0.188, 0.516, 0.79, 0.338, 0.279, 0.671, 0.223, 0.438
0.372, 0.205, 0.646, 0.231, 0.906, 0.761, 0.188, 0.516, 0.79, 0.338, 0.279, 0.671, 0.223, 0.43
0.372, 0.204, 0.646, 0.231, 0.9, 0.761, 0.188, 0.5, 0.792, 0.338, 0.27, 0.67, 0.222, 0.423
0.372, 0.203, 0.646, 0.231, 0.896, 0.761, 0.188, 0.486, 0.793, 0.338, 0.262, 0.67, 0.221, 0.418
0.372, 0.201, 0.647, 0.231, 0.891, 0.762, 0.188, 0.473, 0.792, 0.338, 0.255, 0.671, 0.217, 0.416
0.373, 0.201, 0.648, 0.231, 0.888, 0.762, 0.189, 0.468, 0.789, 0.339, 0.251, 0.673, 0.215, 0.417
0.374, 0.199, 0.649, 0.231, 0.896, 0.772, 0.219, 0.532, 0.771, 0.337, 0.297, 0.677, 0.233, 0.464
0.374, 0.199, 0.649, 0.231, 0.896, 0.772, 0.219, 0.532, 0.771, 0.337, 0.297, 0.677, 0.233, 0.464
0.376, 0.2, 0.646, 0.23, 0.957, 0.779, 0.203, 0.673, 0.762, 0.384, 0.443, 0.666, 0.318, 0.525
0.376, 0.2, 0.646, 0.23, 0.957, 0.779, 0.203, 0.673, 0.762, 0.384, 0.443, 0.666, 0.318, 0.525
0.377, 0.217, 0.646, 0.23, 0.986, 0.776, 0.222, 0.799, 0.754, 0.421, 0.475, 0.658, 0.39, 0.554
0.378, 0.221, 0.645, 0.229, 0.988, 0.775, 0.231, 0.816, 0.75, 0.441, 0.475, 0.657, 0.392, 0.555
0.378, 0.225, 0.645, 0.23, 0.989, 0.775, 0.236, 0.818, 0.747, 0.45, 0.47, 0.657, 0.391, 0.557
0.378, 0.225, 0.645, 0.23, 0.989, 0.775, 0.236, 0.818, 0.747, 0.45, 0.47, 0.657, 0.391, 0.557
0.378, 0.229, 0.644, 0.229, 0.989, 0.775, 0.238, 0.819, 0.746, 0.454, 0.468, 0.657, 0.392, 0.557
0.378, 0.233, 0.644, 0.229, 0.99, 0.774, 0.241, 0.818, 0.746, 0.457, 0.467, 0.656, 0.392, 0.558
0.378, 0.234, 0.644, 0.229, 0.989, 0.773, 0.242, 0.818, 0.745, 0.458, 0.467, 0.656, 0.392, 0.558
0.378, 0.234, 0.643, 0.229, 0.99, 0.773, 0.243, 0.818, 0.745, 0.459, 0.468, 0.656, 0.392, 0.559
0.378, 0.234, 0.643, 0.229, 0.99, 0.773, 0.245, 0.817, 0.746, 0.459, 0.468, 0.656, 0.393, 0.559
0.378, 0.235, 0.643, 0.229, 0.99, 0.773, 0.245, 0.815, 0.746, 0.459, 0.468, 0.656, 0.392, 0.559
0.378, 0.235, 0.643, 0.229, 0.99, 0.773, 0.245, 0.815, 0.745, 0.459, 0.468, 0.656, 0.392, 0.559
0.378, 0.236, 0.643, 0.229, 0.99, 0.774, 0.244, 0.816, 0.745, 0.459, 0.467, 0.656, 0.392, 0.559
0.378, 0.236, 0.643, 0.229, 0.99, 0.774, 0.242, 0.817, 0.745, 0.459, 0.467, 0.656, 0.391, 0.558
0.377, 0.236, 0.643, 0.23, 0.99, 0.774, 0.239, 0.82, 0.744, 0.457, 0.465, 0.656, 0.39, 0.557
0.376, 0.232, 0.644, 0.229, 0.99, 0.774, 0.235, 0.822, 0.744, 0.453, 0.465, 0.657, 0.388, 0.555
0.375, 0.229, 0.644, 0.23, 0.99, 0.775, 0.231, 0.824, 0.747, 0.443, 0.465, 0.658, 0.385, 0.553
0.375, 0.224, 0.646, 0.229, 0.989, 0.776, 0.215, 0.822, 0.752, 0.42, 0.468, 0.663, 0.383, 0.553
0.374, 0.218, 0.647, 0.229, 0.988, 0.776, 0.195, 0.809, 0.759, 0.393, 0.465, 0.671, 0.361, 0.552
0.374, 0.211, 0.648, 0.23, 0.986, 0.773, 0.192, 0.785, 0.767, 0.366, 0.454, 0.676, 0.293, 0.548
0.374, 0.208, 0.648, 0.229, 0.983, 0.77, 0.209, 0.753, 0.768, 0.339, 0.445, 0.68, 0.252, 0.536
0.374, 0.205, 0.649, 0.229, 0.98, 0.762, 0.209, 0.731, 0.771, 0.336, 0.442, 0.679, 0.226, 0.524
0.373, 0.204, 0.649, 0.229, 0.971, 0.756, 0.203, 0.713, 0.771, 0.336, 0.44, 0.679, 0.216, 0.512
0.373, 0.202, 0.649, 0.229, 0.967, 0.753, 0.2, 0.699, 0.772, 0.336, 0.435, 0.678, 0.215, 0.499
0.372, 0.202, 0.649, 0.229, 0.964, 0.752, 0.198, 0.687, 0.773, 0.337, 0.424, 0.677, 0.215, 0.487
0.371, 0.201, 0.649, 0.23, 0.961, 0.75, 0.197, 0.672, 0.774, 0.337, 0.408, 0.676, 0.216, 0.475
0.37, 0.201, 0.65, 0.23, 0.958, 0.75, 0.194, 0.656, 0.776, 0.338, 0.394, 0.675, 0.217, 0.464
0.375, 0.215, 0.648, 0.232, 0.955, 0.749, 0.181, 0.619, 0.775, 0.339, 0.361, 0.673, 0.218, 0.451
0.375, 0.215, 0.648, 0.232, 0.955, 0.749, 0.181, 0.619, 0.775, 0.339, 0.361, 0.673, 0.218, 0.451
0.376, 0.239, 0.638, 0.233, 0.954, 0.747, 0.178, 0.583, 0.778, 0.339, 0.332, 0.673, 0.218, 0.441
0.38, 0.269, 0.616, 0.234, 0.953, 0.745, 0.176, 0.563, 0.779, 0.339, 0.32, 0.672, 0.219, 0.437
0.391, 0.323, 0.591, 0.234, 0.953, 0.743, 0.176, 0.552, 0.781, 0.339, 0.311, 0.671, 0.219, 0.433
0.399, 0.388, 0.566, 0.235, 0.956, 0.742, 0.176, 0.545, 0.784, 0.339, 0.305, 0.671, 0.219, 0.43
0.402, 0.437, 0.536, 0.237, 0.959, 0.742, 0.176, 0.541, 0.785, 0.34, 0.301, 0.669, 0.219, 0.427
0.405, 0.458, 0.521, 0.237, 0.962, 0.742, 0.175, 0.537, 0.787, 0.34, 0.296, 0.669, 0.219, 0.424
0.408, 0.461, 0.513, 0.238, 0.965, 0.74, 0.175, 0.534, 0.788, 0.34, 0.292, 0.668, 0.218, 0.421
0.41, 0.463, 0.505, 0.238, 0.966, 0.738, 0.175, 0.531, 0.789, 0.339, 0.289, 0.667, 0.218, 0.419
0.411, 0.464, 0.502, 0.238, 0.967, 0.737, 0.176, 0.529, 0.791, 0.339, 0.287, 0.665, 0.218, 0.418
0.412, 0.464, 0.5, 0.238, 0.968, 0.737, 0.176, 0.527, 0.792, 0.339, 0.285, 0.664, 0.219, 0.417
0.41, 0.463, 0.496, 0.238, 0.969, 0.736, 0.175, 0.526, 0.792, 0.339, 0.283, 0.664, 0.218, 0.415
0.41, 0.463, 0.496, 0.238, 0.969, 0.736, 0.175, 0.526, 0.792, 0.339, 0.283, 0.664, 0.218, 0.415
0.409, 0.462, 0.491, 0.239, 0.97, 0.735, 0.176, 0.525, 0.792, 0.339, 0.281, 0.665, 0.218, 0.414
0.406, 0.46, 0.486, 0.24, 0.971, 0.734, 0.176, 0.524, 0.791, 0.339, 0.28, 0.667, 0.218, 0.413
0.402, 0.46, 0.48, 0.241, 0.971, 0.734, 0.176, 0.524, 0.792, 0.34, 0.28, 0.668, 0.219, 0.412
0.398, 0.46, 0.477, 0.241, 0.971, 0.735, 0.177, 0.523, 0.792, 0.34, 0.278, 0.669, 0.22, 0.413
0.387, 0.449, 0.5, 0.24, 0.97, 0.738, 0.177, 0.52, 0.792, 0.34, 0.274, 0.668, 0.222, 0.417
0.387, 0.449, 0.5, 0.24, 0.97, 0.738, 0.177, 0.52, 0.792, 0.34, 0.274, 0.668, 0.222, 0.417
0.378, 0.377, 0.578, 0.239, 0.969, 0.74, 0.177, 0.518, 0.791, 0.339, 0.269, 0.667, 0.223, 0.413
0.378, 0.377, 0.578, 0.239, 0.969, 0.74, 0.177, 0.517, 0.79, 0.339, 0.267, 0.667, 0.223, 0.411
0.375, 0.345, 0.629, 0.238, 0.968, 0.741, 0.176, 0.516, 0.788, 0.339, 0.264, 0.668, 0.223, 0.41
0.371, 0.319, 0.644, 0.237, 0.965, 0.743, 0.176, 0.514, 0.786, 0.339, 0.261, 0.669, 0.223, 0.409
0.372, 0.298, 0.647, 0.236, 0.962, 0.742, 0.176, 0.52, 0.783, 0.338, 0.257, 0.669, 0.222, 0.408
0.372, 0.298, 0.647, 0.236, 0.962, 0.742, 0.176, 0.52, 0.783, 0.338, 0.257, 0.669, 0.222, 0.408
0.375, 0.364, 0.648, 0.236, 0.966, 0.741, 0.175, 0.545, 0.779, 0.338, 0.27, 0.669, 0.22, 0.421
0.381, 0.446, 0.648, 0.236, 0.973, 0.74, 0.174, 0.595, 0.77, 0.338, 0.312, 0.668, 0.219, 0.437
0.392, 0.465, 0.621, 0.237, 0.979, 0.737, 0.174, 0.649, 0.762, 0.337, 0.365, 0.666, 0.219, 0.449
0.398, 0.468, 0.574, 0.239, 0.985, 0.733, 0.178, 0.697, 0.762, 0.338, 0.408, 0.664, 0.219, 0.458
0.408, 0.471, 0.53, 0.244, 0.99, 0.719, 0.177, 0.75, 0.762, 0.338, 0.425, 0.661, 0.22, 0.468
0.408, 0.471, 0.53, 0.244, 0.99, 0.719, 0.177, 0.75, 0.762, 0.338, 0.425, 0.661, 0.22, 0.468
0.41, 0.471, 0.522, 0.245, 0.99, 0.716, 0.177, 0.767, 0.762, 0.338, 0.426, 0.66, 0.22, 0.47
0.411, 0.473, 0.512, 0.245, 0.99, 0.712, 0.177, 0.787, 0.763, 0.339, 0.429, 0.656, 0.22, 0.479
0.408, 0.471, 0.507, 0.245, 0.99, 0.711, 0.177, 0.791, 0.763, 0.339, 0.432, 0.656, 0.22, 0.484
0.405, 0.469, 0.5, 0.245, 0.99, 0.714, 0.179, 0.786, 0.763, 0.339, 0.434, 0.656, 0.22, 0.486
0.401, 0.467, 0.499, 0.245, 0.99, 0.717, 0.18, 0.776, 0.763, 0.339, 0.434, 0.656, 0.22, 0.487
0.396, 0.464, 0.507, 0.244, 0.989, 0.718, 0.18, 0.76, 0.763, 0.339, 0.432, 0.657, 0.22, 0.487
0.392, 0.462, 0.532, 0.243, 0.988, 0.719, 0.177, 0.741, 0.765, 0.338, 0.431, 0.659, 0.219, 0.487
0.385, 0.461, 0.569, 0.242, 0.986, 0.722, 0.177, 0.728, 0.767, 0.338, 0.43, 0.66, 0.219, 0.485
0.385, 0.461, 0.569, 0.242, 0.986, 0.722, 0.177, 0.717, 0.769, 0.338, 0.43, 0.661, 0.219, 0.483
0.382, 0.453, 0.616, 0.241, 0.982, 0.724, 0.177, 0.707, 0.77, 0.337, 0.429, 0.662, 0.219, 0.479
0.374, 0.392, 0.645, 0.239, 0.977, 0.731, 0.174, 0.692, 0.771, 0.337, 0.423, 0.661, 0.219, 0.471
0.374, 0.392, 0.645, 0.239, 0.977, 0.731, 0.174, 0.692, 0.771, 0.337, 0.423, 0.661, 0.219, 0.471
0.372, 0.305, 0.647, 0.236, 0.972, 0.737, 0.171, 0.67, 0.773, 0.337, 0.407, 0.664, 0.219, 0.458
0.372, 0.295, 0.647, 0.236, 0.97, 0.739, 0.172, 0.655, 0.773, 0.337, 0.395, 0.665, 0.219, 0.452
0.372, 0.284, 0.647, 0.235, 0.966, 0.741, 0.173, 0.641, 0.774, 0.337, 0.383, 0.666, 0.219, 0.448
0.372, 0.275, 0.646, 0.234, 0.963, 0.744, 0.174, 0.63, 0.775, 0.337, 0.371, 0.667, 0.219, 0.446
0.372, 0.267, 0.646, 0.234, 0.96, 0.745, 0.174, 0.621, 0.775, 0.337, 0.362, 0.667, 0.219, 0.444
0.372, 0.263, 0.646, 0.234, 0.957, 0.746, 0.175, 0.614, 0.776, 0.337, 0.355, 0.668, 0.219, 0.443
0.372, 0.26, 0.646, 0.233, 0.955, 0.746, 0.177, 0.607, 0.778, 0.337, 0.348, 0.67, 0.219, 0.442
0.373, 0.259, 0.645, 0.233, 0.951, 0.746, 0.178, 0.602, 0.778, 0.337, 0.344, 0.671, 0.22, 0.44
0.372, 0.257, 0.643, 0.232, 0.948, 0.747, 0.18, 0.599, 0.779, 0.337, 0.341, 0.672, 0.22, 0.439
0.373, 0.256, 0.642, 0.232, 0.942, 0.747, 0.181, 0.598, 0.779, 0.337, 0.338, 0.673, 0.221, 0.438
0.373, 0.255, 0.64, 0.232, 0.938, 0.75, 0.182, 0.597, 0.78, 0.338, 0.335, 0.674, 0.221, 0.438
0.373, 0.253, 0.638, 0.232, 0.933, 0.751, 0.183, 0.594, 0.781, 0.338, 0.333, 0.675, 0.221, 0.438
0.373, 0.251, 0.635, 0.231, 0.928, 0.749, 0.185, 0.591, 0.782, 0.338, 0.328, 0.675, 0.222, 0.438
0.373, 0.25, 0.631, 0.231, 0.925, 0.749, 0.185, 0.587, 0.783, 0.338, 0.321, 0.675, 0.223, 0.436
0.373, 0.246, 0.626, 0.231, 0.922, 0.749, 0.186, 0.577, 0.784, 0.34, 0.31, 0.675, 0.225, 0.433
0.373, 0.245, 0.623, 0.231, 0.917, 0.75, 0.186, 0.569, 0.785, 0.34, 0.305, 0.675, 0.225, 0.432
0.374, 0.244, 0.621, 0.231, 0.913, 0.751, 0.187, 0.562, 0.785, 0.34, 0.299, 0.675, 0.226, 0.43
0.373, 0.244, 0.619, 0.231, 0.91, 0.752, 0.188, 0.555, 0.785, 0.34, 0.294, 0.675, 0.226, 0.428
0.373, 0.243, 0.615, 0.231, 0.906, 0.75, 0.188, 0.548, 0.785, 0.34, 0.29, 0.675, 0.227, 0.427
0.373, 0.237, 0.612, 0.232, 0.903, 0.75, 0.188, 0.54, 0.786, 0.34, 0.287, 0.675, 0.227, 0.425
0.372, 0.236, 0.611, 0.232, 0.9, 0.75, 0.188, 0.531, 0.787, 0.34, 0.284, 0.675, 0.228, 0.424
0.372, 0.235, 0.612, 0.232, 0.898, 0.75, 0.188, 0.525, 0.787, 0.34, 0.283, 0.674, 0.229, 0.424
0.372, 0.234, 0.613, 0.232, 0.896, 0.75, 0.188, 0.52, 0.787, 0.34, 0.281, 0.675, 0.229, 0.423
0.372, 0.233, 0.614, 0.232, 0.895, 0.752, 0.188, 0.515, 0.787, 0.34, 0.28, 0.674, 0.229, 0.422
0.372, 0.231, 0.614, 0.232, 0.894, 0.752, 0.188, 0.512, 0.787, 0.34, 0.279, 0.674, 0.231, 0.422
0.372, 0.229, 0.614, 0.232, 0.892, 0.751, 0.188, 0.508, 0.788, 0.34, 0.278, 0.674, 0.231, 0.421
0.372, 0.229, 0.614, 0.232, 0.889, 0.752, 0.188, 0.505, 0.789, 0.34, 0.277, 0.675, 0.231, 0.421
0.372, 0.228, 0.614, 0.232, 0.888, 0.752, 0.188, 0.503, 0.789, 0.34, 0.276, 0.675, 0.23, 0.42
0.371, 0.225, 0.614, 0.232, 0.887, 0.75, 0.188, 0.5, 0.791, 0.339, 0.275, 0.675, 0.23, 0.419
0.371, 0.225, 0.614, 0.232, 0.887, 0.75, 0.188, 0.5, 0.791, 0.339, 0.275, 0.675, 0.23, 0.419
0.372, 0.224, 0.614, 0.232, 0.888, 0.75, 0.188, 0.499, 0.792, 0.339, 0.274, 0.675, 0.23, 0.419
0.371, 0.223, 0.614, 0.232, 0.889, 0.752, 0.188, 0.498, 0.792, 0.339, 0.274, 0.675, 0.23, 0.419
0.371, 0.222, 0.614, 0.232, 0.889, 0.752, 0.188, 0.497, 0.792, 0.339, 0.273, 0.675, 0.23, 0.419
0.372, 0.222, 0.614, 0.232, 0.889, 0.753, 0.189, 0.496, 0.793, 0.339, 0.272, 0.675, 0.229, 0.418
0.372, 0.22, 0.613, 0.232, 0.889, 0.752, 0.189, 0.495, 0.793, 0.339, 0.272, 0.675, 0.229, 0.418
0.372, 0.219, 0.613, 0.232, 0.89, 0.752, 0.189, 0.495, 0.794, 0.339, 0.272, 0.675, 0.229, 0.418
0.372, 0.218, 0.613, 0.232, 0.893, 0.751, 0.189, 0.497, 0.794, 0.339, 0.271, 0.675, 0.229, 0.418
0.372, 0.218, 0.613, 0.232, 0.897, 0.75, 0.188, 0.499, 0.793, 0.339, 0.271, 0.675, 0.228, 0.417
0.372, 0.218, 0.612, 0.232, 0.899, 0.75, 0.188, 0.5, 0.793, 0.339, 0.27, 0.675, 0.228, 0.417
0.372, 0.218, 0.613, 0.232, 0.9, 0.752, 0.187, 0.5, 0.793, 0.339, 0.269, 0.675, 0.228, 0.416
0.372, 0.218, 0.619, 0.231, 0.896, 0.754, 0.187, 0.491, 0.795, 0.339, 0.269, 0.673, 0.229, 0.414
0.372, 0.218, 0.622, 0.231, 0.896, 0.757, 0.187, 0.483, 0.796, 0.339, 0.269, 0.673, 0.229, 0.414
